sku	product-id	product-id-type	price	minimum-seller-allowed-price	maximum-seller-allowed-price	item-condition	quantity	add-delete	will-ship-internationally	expedited-shipping	standard-plus	item-note	fulfillment-center-id	product-tax-code	leadtime-to-ship	merchant_shipping_group_name
AOS_B2981T	786674057020	3	406.13	362.73	550.82	11	0	a							30	
AOS_TCP71005	786674001856	3	555.58	496.16	753.65	11	0	a							30	
AOS_SQ1152	786674031167	3	284.7	254.3	386.02	11	0	a							30	
AOS_TCP71006	786674001863	3	832.52	743.43	1129.49	11	0	a							30	
AOS_TCP71009	786674001894	3	1457.06	1301.05	1977.08	11	0	a							30	
AOS_E371M2	786674069115	3	680.2	607.42	922.77	11	0	a							30	
AOS_H450	786674023353	3	310.23	277.1	420.67	11	0	a							30	
AOS_B1000	663001599524	3	583.23	520.85	791.17	11	0	a							30	
AOS_SK1202	786674031020	3	338.19	302.06	458.62	11	0	a							30	
AOS_H514	786674023513	3	266.4	237.96	361.18	11	0	a							30	
AOS_UST1072	786674033321	3	167.25	149.44	226.63	11	0	a							30	
AOS_H282	786674023179	3	288.14	257.38	390.69	11	0	a							30	
AOS_USQG1152A	786674033307	3	250.83	224.06	340.05	11	0	a							30	
AOS_USN1202	786674033192	3	349.5	312.16	473.97	11	0	a							30	
AOS_SN1072	663001666363	3	286.98	256.34	389.11	11	0	a							30	
AOS_UCT1072	786674032898	3	221.14	197.55	299.76	11	0	a							30	
AOS_E516M2	786674064387	3	1990.23	1777.1	2700.67	11	0	a							30	
AOS_R339M2	786674069412	3	1829.16	1633.29	2482.08	11	0	a							30	
AOS_ECM16CU	786674069665	3	609.05	543.9	826.21	11	0	a							30	
AOS_BG129A	786674013804	3	562.58	502.41	763.15	11	0	a							30	
AOS_ST1052	786674031761	3	169.78	151.7	230.06	11	0	a							30	
AOS_B845	786674013163	3	207.39	185.27	281.1	11	0	a							30	
AOS_BN50V1	786674056801	3	219.4	196.0	297.4	11	0	a							30	
AOS_B796	663001194309	3	300.6	268.5	407.6	11	0	a							30	
AOS_CK1072	786674017154	3	242.75	216.85	329.09	11	0	a							30	
AOS_B116	663001270980	3	651.8	582.08	884.23	11	0	a							30	
AOS_V214M2	786674066831	3	1544.12	1378.79	2095.24	11	0	a							30	
AOS_B130	663001619475	3	292.2	261.0	396.2	11	0	a							30	
AOS_BG748A	786674013842	3	512.62	457.8	695.34	11	0	a							30	
AOS_B855	663001194743	3	289.61	258.69	392.69	11	0	a							30	
AOS_B2979T	786674060761	3	527.82	471.38	715.97	11	0	a							30	
AOS_USQ1072	786674033239	3	170.39	152.24	230.88	11	0	a							30	
AOS_SK1052	786674030986	3	170.33	152.19	230.81	11	0	a							30	
AOS_P231M2	786674066701	3	823.28	735.18	1116.95	11	0	a							30	
AOS_B2982T	786674057037	3	423.3	378.05	574.12	11	0	a							30	
AOS_USQ1252	786674033277	3	353.84	316.04	479.86	11	0	a							30	
AOS_H617	786674023865	3	345.47	308.56	468.5	11	0	a							30	
AOS_ECM27SQU	786674059963	3	900.44	804.08	1221.67	11	0	a							30	
AOS_BPA452	786674069610	3	328.92	293.79	446.04	11	0	a							30	
AOS_P230M2	786674028976	3	672.58	600.63	912.43	11	0	a							30	
AOS_BPA450	786674069597	3	240.62	214.95	326.2	11	0	a							30	
AOS_BPA451	786674069603	3	309.38	276.34	419.51	11	0	a							30	
AOS_B985	786674013545	3	486.69	434.65	660.15	11	0	a							30	
AOS_USQG1072A	786674033284	3	193.33	172.72	262.02	11	0	a							30	
AOS_H755	663001205326	3	458.39	409.39	621.75	11	0	a							30	
AOS_BV91	663001286295	3	254.09	226.97	344.48	11	0	a							30	
AOS_BV90	663001286288	3	139.7	124.84	189.23	11	0	a							30	
AOS_TCP72006	786674002006	3	908.07	810.89	1232.03	11	0	a							30	
AOS_TCP72007	786674002013	3	1141.92	1019.68	1549.39	11	0	a							30	
AOS_TCP72008	786674002020	3	1183.36	1056.67	1605.63	11	0	a							30	
AOS_CT1102	786674017260	3	269.21	240.48	365.0	11	0	a							30	
AOS_UCT1102	786674032904	3	241.98	216.16	328.05	11	0	a							30	
AOS_R1072	786674029355	3	274.01	244.76	371.52	11	0	a							30	
AOS_TCP12006	786674059208	3	580.11	518.06	786.93	11	0	a							30	
AOS_B231SE	663001193067	3	337.08	301.07	457.11	11	0	a							30	
AOS_CPE32	786674064691	3	765.04	683.17	1037.91	11	0	a							30	
AOS_TCP12005	786674059192	3	572.12	510.93	776.09	11	0	a							30	
AOS_CPE35	786674064721	3	916.61	818.51	1243.62	11	0	a							30	
AOS_GM165S	786674070371	3	187.68	167.68	254.35	11	0	a							30	
AOS_BG128A	786674013798	3	239.85	214.26	325.16	11	0	a							30	
AOS_STG1102A	786674031822	3	239.85	214.26	325.16	11	0	a							30	
AOS_HST080	786674069788	3	167.25	149.44	226.63	11	0	a							30	
AOS_SQ1032	786674031129	3	166.56	148.83	225.69	11	0	a							30	
AOS_SN1202	663001674580	3	399.83	357.1	542.27	11	0	a							30	
AOS_HSQ165	786674069764	3	222.48	198.75	301.58	11	0	a							30	
AOS_ST1102	786674031785	3	212.72	190.04	288.34	11	0	a							30	
AOS_CPO36	786674066466	3	644.55	575.6	874.39	11	0	a							30	
AOS_BN36	663001195177	3	174.91	156.28	237.02	11	0	a							30	
AOS_B125	663001192688	3	405.6	362.25	550.1	11	0	a							30	
AOS_B124	663001192671	3	297.8	266.0	403.8	11	0	a							30	
AOS_USQ1102	786674033246	3	191.25	170.86	259.19	11	0	a							30	
AOS_HSQ125	786674033246	3	191.89	171.44	260.06	11	0	a							30	
AOS_B121	663001192640	3	157.8	141.0	213.8	11	0	a							30	
AOS_B120	663001192633	3	141.0	126.0	191.0	11	0	a							30	
AOS_ECM27CU	786674060037	3	911.0	813.5	1236.0	11	0	a							30	
AOS_B2979	786674060198	3	386.0	344.75	523.5	11	0	a							30	
AOS_USTG1102A	786674033376	3	210.15	187.74	284.84	11	0	a							30	
AOS_BPA449	786674069580	3	221.68	198.04	300.5	11	0	a							30	
AOS_SK1152	786674031013	3	282.06	251.95	382.44	11	0	a							30	
AOS_H741	786674024299	3	467.87	417.85	634.61	11	0	a							30	
AOS_H740	663001010807	3	461.54	412.2	626.02	11	0	a							30	
AOS_B2973	786674060181	3	322.29	287.86	437.03	11	0	a							30	
AOS_H513	786674023506	3	355.62	317.63	482.27	11	0	a							30	
AOS_SQS1202R	786674031259	3	524.08	468.04	710.9	11	0	a							30	
AOS_B2975	786674060174	3	313.3	279.84	424.83	11	0	a							30	
AOS_Q3072	786674029263	3	237.73	212.36	322.27	11	0	a							30	
AOS_B2977T	786674069634	3	583.93	521.48	792.12	11	0	a							30	
AOS_TCP72010	786674002044	3	2411.66	2153.38	3272.61	11	0	a							30	
AOS_CT1072	786674017253	3	242.75	216.85	329.09	11	0	a							30	
AOS_2517501-001	786674069030	3	220.56	197.04	298.98	11	0	a							30	
AOS_B229SE	663001193029	3	291.57	260.44	395.35	11	0	a							30	
AOS_CT1052	786674017246	3	221.14	197.55	299.76	11	0	a							30	
AOS_BG854A	786674013873	3	255.14	227.91	345.91	11	0	a							30	
AOS_B662	663001193661	3	270.84	241.93	367.21	11	0	a							30	
AOS_B663	663001193678	3	233.4	208.5	316.4	11	0	a							30	
AOS_B227SE	663001192985	3	203.92	182.18	276.39	11	0	a							30	
AOS_SDS1202	786674030863	3	249.4	222.79	338.12	11	0	a							30	
AOS_B667	663001312178	3	273.54	244.34	370.87	11	0	a							30	
AOS_HSQ1102	663001737988	3	300.04	268.0	406.84	11	0	a							30	
AOS_USN1302	786674033215	3	529.3	472.7	717.98	11	0	a							30	
AOS_ST1072	786674031778	3	185.8	166.0	251.8	11	0	a							30	
AOS_SQS1152R	788674031246	3	419.81	374.94	569.38	11	0	a							30	
AOS_BN37V1	786674057310	3	188.88	168.75	255.98	11	0	a							30	
AOS_E369M2	786674069153	3	666.66	595.34	904.39	11	0	a							30	
AOS_H995	786674025180	3	584.0	521.54	792.22	11	0	a							30	
AOS_H635	663001204763	3	277.15	247.56	375.77	11	0	a							30	
AOS_E482M2	786674067470	3	1068.42	954.05	1449.64	11	0	a							30	
AOS_B2233	786674054807	3	228.04	203.71	309.12	11	0	a							30	
AOS_B2234	788674054784	3	303.76	271.32	411.89	11	0	a							30	
AOS_B2235	786674054791	3	318.42	284.41	431.79	11	0	a							30	
AOS_SQS1102R	786674031235	3	348.98	311.7	473.26	11	0	a							30	
AOS_P317M2	786674067128	3	989.9	883.95	1343.08	11	0	a							30	
AOS_BN35V1	786674056979	3	174.91	156.28	237.02	11	0	a							30	
AOS_B974	663001194958	3	299.2	267.25	405.7	11	0	a							30	
AOS_USTG1152A	786674033383	3	240.64	214.96	326.22	11	0	a							30	
AOS_B976	663001194972	3	304.8	272.25	413.3	11	0	a							30	
AOS_B977	663001194989	3	306.2	273.5	415.2	11	0	a							30	
AOS_BN60	663001280149	3	432.45	386.23	586.54	11	0	a							30	
AOS_BN61	663001248187	3	322.44	288.0	437.24	11	0	a							30	
AOS_BN62	663001321347	3	311.8	278.5	422.8	11	0	a							30	
AOS_BN63	663001643999	3	283.8	253.5	384.8	11	0	a							30	
AOS_BPA451V1	786674070340	3	309.29	276.26	419.4	11	0	a							30	
AOS_HST150	786674033345	3	212.72	190.04	288.34	11	0	a							30	
AOS_B128	663001192718	3	212.02	189.41	287.39	11	0	a							30	
AOS_USQ1152	786674033253	3	221.77	198.11	300.61	11	0	a							30	
AOS_HSQ1072	663001742456	3	275.13	245.76	373.04	11	0	a							30	
AOS_Q3202	786674029294	3	408.82	365.13	554.47	11	0	a							30	
AOS_HSQ1152	663001739517	3	336.1	300.2	455.78	11	0	a							30	
AOS_E375M2	786674069085	3	791.22	706.55	1073.44	11	0	a							30	
AOS_B126	663001192695	3	166.7	148.95	225.88	11	0	a							30	
AOS_USN1152	786674033185	3	312.92	279.5	424.32	11	0	a							30	
AOS_628318-313	032189790483	3	65.51	58.6	88.55	11	0	a							30	
AOS_B978	663001194996	3	472.1	421.63	640.35	11	0	a							30	
AOS_SN1102	663001666455	3	312.92	279.5	424.32	11	0	a							30	
AOS_628318-308	032240731542	3	45.98	41.16	62.05	11	0	a							30	
AOS_SK1072	786674030993	3	186.39	166.52	252.6	11	0	a							30	
AOS_UQC1102	786674033062	3	226.69	202.51	307.3	11	0	a							30	
AOS_B123	663001192664	3	247.4	221.0	335.4	11	0	a							30	
AOS_B230SE	663001193043	3	387.96	346.5	526.16	11	0	a							30	
AOS_628318-307	032206430266	3	31.79	28.49	42.78	11	0	a							30	
AOS_B969	663001194903	3	486.32	434.33	659.65	11	0	a							30	
AOS_USN1252	663001674887	3	399.83	357.1	542.27	11	0	a							30	
AOS_BN25V1	663001361459	3	150.74	134.7	204.22	11	0	a							30	
AOS_E372ME	786674059789	3	680.2	607.42	922.77	11	0	a							30	
AOS_P318M2	786674067043	3	1051.28	938.75	1426.38	11	0	a							30	
AOS_E377M2	786674066800	3	879.49	785.36	1193.23	11	0	a							30	
AOS_B808	663001194330	3	384.6	343.5	521.6	11	0	a							30	
AOS_B809	663001194347	3	399.92	357.18	542.39	11	0	a							30	
AOS_B2980T	786674057013	3	406.13	362.73	550.82	11	0	a							30	
AOS_B975T	786674060051	3	501.11	447.53	679.72	11	0	a							30	
AOS_E489M2	786674064332	3	1289.52	1151.46	1749.7	11	0	a							30	
AOS_H704	786674024114	3	520.89	465.19	706.57	11	0	a							30	
AOS_TCP72031	786674002075	3	830.37	741.51	1126.58	11	0	a							30	
AOS_SQS1072R	786674031228	3	341.34	304.88	462.89	11	0	a							30	
AOS_TCP72033	786674002099	3	1830.83	1634.78	2484.34	11	0	a							30	
AOS_TCP72032	786674002082	3	1022.47	913.02	1387.28	11	0	a							30	
AOS_TCP72035	786674002112	3	2745.55	2451.49	3725.74	11	0	a							30	
AOS_E372M2	786674069160	3	680.2	607.42	922.77	11	0	a							30	
AOS_B2847	786674012258	3	166.2	148.5	225.2	11	0	a							30	
AOS_B2846	786674012241	3	148.0	132.25	200.5	11	0	a							30	
AOS_B2844	663001372264	3	380.4	339.75	515.9	11	0	a							30	
AOS_B2843	663001194613	3	321.6	287.25	436.1	11	0	a							30	
AOS_B2842	663001726081	3	267.0	238.5	362.0	11	0	a							30	
AOS_H636	786674023919	3	351.55	313.99	476.74	11	0	a							30	
AOS_B2840	786674012197	3	352.69	315.01	478.3	11	0	a							30	
AOS_Q3102	786674029270	3	265.31	236.99	359.7	11	0	a							30	
AOS_B973T	786674060044	3	399.43	356.74	541.72	11	0	a							30	
AOS_HST225	786674070319	3	282.97	252.76	383.68	11	0	a							30	
AOS_HST110	786674069795	3	186.39	166.52	252.6	11	0	a							30	
AOS_B2848	786674012265	3	225.57	201.51	305.78	11	0	a							30	
AOS_HSQ220	786674033260	3	285.62	255.13	387.27	11	0	a							30	
AOS_ST1152	786674031792	3	282.97	252.76	383.68	11	0	a							30	
AOS_SQL1072R	786674031211	3	340.23	303.89	461.39	11	0	a							30	
AOS_E488M2	786674064325	3	1289.52	1151.46	1749.7	11	0	a							30	
AOS_SDS1302	786674030887	3	330.14	294.88	447.69	11	0	a							30	
AOS_BG130A	786674013811	3	387.96	346.5	526.16	11	0	a							30	
AOS_HSQ1502	786674060228	3	487.79	435.64	661.65	11	0	a							30	
AOS_196159C	663001723707	3	515.61	460.47	699.4	11	0	a							30	
AOS_E491M2	786674067494	3	1426.72	1273.96	1935.9	11	0	a							30	
AOS_B228SE	663001193005	3	255.46	228.2	346.34	11	0	a							30	
AOS_B817	663001194392	3	451.8	403.5	612.8	11	0	a							30	
AOS_BPA452V1	786674070357	3	371.01	331.36	503.15	11	0	a							30	
AOS_BPA453V1	786674070364	3	436.09	389.47	591.48	11	0	a							30	
AOS_E368M2	786674069146	3	666.66	595.34	904.39	11	0	a							30	
AOS_QC1102	786674029331	3	244.45	218.36	331.39	11	0	a							30	
AOS_HSQ260	786674069818	3	353.84	316.04	479.86	11	0	a							30	
AOS_B638	663001193562	3	232.0	207.25	314.5	11	0	a							30	
AOS_STS1152R	786674031877	3	378.09	337.69	512.77	11	0	a							30	
AOS_B818	663001194408	3	451.8	403.5	612.8	11	0	a							30	
AOS_B2982	786674012340	3	321.99	287.6	436.63	11	0	a							30	
AOS_B2983	786674012357	3	355.2	317.25	481.7	11	0	a							30	
AOS_B2980	786674012326	3	290.8	259.75	394.3	11	0	a							30	
AOS_B2981	786674012333	3	304.87	272.31	413.4	11	0	a							30	
AOS_B2984	786674012364	3	459.74	410.59	623.57	11	0	a							30	
AOS_BPA449V1	786674070326	3	226.64	202.46	307.22	11	0	a							30	
AOS_B2852	786674012272	3	171.6	153.32	232.53	11	0	a							30	
AOS_B2853	786674012289	3	195.98	175.09	265.61	11	0	a							30	
AOS_TCP71034	786674001962	3	1643.24	1467.29	2229.76	11	0	a							30	
AOS_TCP71035	786674001979	3	2591.67	2314.1	3516.91	11	0	a							30	
AOS_B236	663001650744	3	392.66	350.7	532.54	11	0	a							30	
AOS_B972	663001194934	3	283.8	253.5	384.8	11	0	a							30	
AOS_B653	663001193616	3	258.6	231.0	350.6	11	0	a							30	
AOS_B654	663001193623	3	265.39	237.06	359.81	11	0	a							30	
AOS_HSQ1202	663001742463	3	397.73	355.23	539.42	11	0	a							30	
AOS_HSQ1052	663001743118	3	247.74	221.3	335.86	11	0	a							30	
AOS_UST1252	786674033369	3	338.19	302.06	458.62	11	0	a							30	
AOS_R1102ES	786674029393	3	332.73	297.19	451.2	11	0	a							30	
AOS_B795	663001194293	3	269.8	241.0	365.8	11	0	a							30	
AOS_BG855A	786674013880	3	291.71	260.56	395.54	11	0	a							30	
AOS_E374M2	786674069092	3	791.22	706.55	1073.44	11	0	a							30	
AOS_SDS1252	786674030870	3	287.2	256.54	389.42	11	0	a							30	
AOS_BN23V1	786674056276	3	140.61	125.65	190.47	11	0	a							30	
AOS_B2661	663001726036	3	194.2	173.5	263.2	11	0	a							30	
AOS_Q3302V1	786674029300	3	441.3	394.13	598.55	11	0	a							30	
AOS_P320M2	788674065858	3	1352.21	1207.44	1834.78	11	0	a							30	
AOS_QC1052	786674029317	3	202.52	180.93	274.49	11	0	a							30	
AOS_R237M2	786674069108	3	1148.71	1025.74	1558.6	11	0	a							30	
AOS_SQ1072	786674031143	3	191.25	170.86	259.19	11	0	a							30	
AOS_USQG1102A	786674033291	3	216.32	193.25	293.22	11	0	a							30	
AOS_B131	663001192749	3	411.2	367.25	557.7	11	0	a							30	
AOS_P229M2	786674069191	3	617.07	551.06	837.1	11	0	a							30	
AOS_GM110C	786674070388	3	159.68	142.68	216.35	11	0	a							30	
AOS_B2975T	786674060310	3	413.24	369.07	560.47	11	0	a							30	
AOS_BPA450V1	786674070333	3	244.36	218.29	331.28	11	0	a							30	
AOS_CK1102	786674017161	3	268.34	239.7	363.82	11	0	a							30	
AOS_HST275	786674070241	3	338.19	302.06	458.62	11	0	a							30	
AOS_H491	663001204190	3	226.71	202.53	307.32	11	0	a							30	
AOS_SK1302V1	786674031037	3	471.51	421.1	639.55	11	0	a							30	
AOS_SDS1152	786674030856	3	207.93	185.76	281.84	11	0	a							30	
AOS_H492	663001023043	3	244.35	218.27	331.26	11	0	a							30	
AOS_B2858	786674012302	3	305.44	272.82	414.17	11	0	a							30	
AOS_SQ1102	786674031150	3	221.77	198.11	300.61	11	0	a							30	
AOS_UST1202	786674033352	3	282.97	252.76	383.68	11	0	a							30	
AOS_B2983T	786674057044	3	472.42	421.91	640.79	11	0	a							30	
AOS_B2859	786674012319	3	302.07	269.81	409.6	11	0	a							30	
AOS_B232	663001650737	3	330.88	295.54	448.7	11	0	a							30	
AOS_B668	663001338109	3	211.48	188.93	286.65	11	0	a							30	
AOS_B237	663001650102	3	445.96	398.29	604.88	11	0	a							30	
AOS_CPO45	786674062932	3	1087.25	970.86	1475.19	11	0	a							30	
AOS_B625	663001193500	3	204.0	182.25	276.5	11	0	a							30	
AOS_UST1152	786674033345	3	212.02	189.41	287.39	11	0	a							30	
AOS_USN1102	786674033178	3	286.03	255.49	387.82	11	0	a							30	
AOS_B122	663001192657	3	181.6	162.25	246.1	11	0	a							30	
AOS_BG131A	786674013828	3	510.4	455.83	692.33	11	0	a							30	
AOS_ECM16SQU	786674069672	3	539.93	482.19	732.4	11	0	a							30	
AOS_HSQ095	786674033239	3	170.93	152.72	231.62	11	0	a							30	
AOS_SN1152	663001667414	3	350.66	313.2	475.54	11	0	a							30	
AOS_UCT1152	786674032911	3	269.21	240.48	365.0	11	0	a							30	
AOS_B2841V1	786674061270	3	238.12	212.71	322.8	11	0	a							30	
AOS_TCP11005	786674059093	3	681.89	608.94	925.07	11	0	a							30	
AOS_B835	663001194552	3	326.07	291.24	442.16	11	0	a							30	
AOS_Q3052	786674029256	3	217.03	193.89	294.19	11	0	a							30	
AOS_B836	663001194569	3	345.41	308.51	468.42	11	0	a							30	
AOS_E378M2	786674066985	3	961.22	858.34	1304.15	11	0	a							30	
AOS_P319M2	786674066824	3	1186.45	1059.44	1609.83	11	0	a							30	
AOS_BN40SS	663001363415	3	201.2	179.75	272.7	11	0	a							30	
AOS_UQC1072	786674033055	3	202.52	180.93	274.49	11	0	a							30	
AOS_QC1072	786674029324	3	227.42	203.16	308.29	11	0	a							30	
AOS_R338M2	786674069450	3	1646.43	1470.14	2234.09	11	0	a							30	
AOS_R232M2	786674069351	3	1200.41	1071.9	1628.77	11	0	a							30	
AOS_TCP71010	786674001900	3	2109.88	1883.92	2863.05	11	0	a							30	
AOS_BG853A	786674013866	3	237.29	211.97	321.68	11	0	a							30	
AOS_B2854	786674012296	3	227.18	202.95	307.96	11	0	a							30	
AOS_USQ1052	786674033222	3	166.56	148.83	225.69	11	0	a							30	
AOS_UST1102	786674033338	3	185.8	166.0	251.8	11	0	a							30	
AOS_H705V1	786674024121	3	531.08	474.29	720.4	11	0	a							30	
AOS_UQC1152	786674033079	3	245.24	219.08	332.47	11	0	a							30	
AOS_Q3152	786674029287	3	337.49	301.44	457.66	11	0	a							30	
AOS_BN25SS	663001362005	3	173.2	154.75	234.7	11	0	a							30	
AOS_SQ1052	786674031136	3	170.93	152.72	231.62	11	0	a							30	
AOS_BN34V1	786674059727	3	212.4	189.75	287.9	11	0	a							30	
AOS_STS1102RV1	786674031860	3	326.3	291.45	442.48	11	0	a							30	
AOS_B2748	786674012180	3	353.21	315.48	479.0	11	0	a							30	
AOS_ST1202	786674031808	3	338.19	302.06	458.62	11	0	a							30	
AOS_BN24V1	663001361510	3	114.4	102.25	154.9	11	0	a							30	
AOS_PMJ124	786674037091	3	13.94	12.55	18.56	11	0	a							30	
AOS_SN1302	663001675273	3	552.12	493.08	748.95	11	0	a							30	
AOS_B966	663001372776	3	470.2	419.92	637.77	11	0	a							30	
AOS_B849	663001376644	3	250.2	223.5	339.2	11	0	a							30	
AOS_ST1302V1	786674003836	3	473.04	422.46	641.62	11	0	a							30	
AOS_B2984T	786674057051	3	561.52	501.46	761.7	11	0	a							30	
AOS_USQ1202	786674033260	3	285.62	255.13	387.27	11	0	a							30	
AOS_BN51	663001195221	3	280.78	250.8	380.7	11	0	a							30	
AOS_SQ1202	786674031174	3	352.69	315.01	478.3	11	0	a							30	
AOS_E483M2	786674067487	3	1167.63	1042.64	1584.29	11	0	a							30	
AOS_TCP72005	786674001993	3	691.66	617.66	938.33	11	0	a							30	
