sku	product-id	product-id-type	price	minimum-seller-allowed-price	maximum-seller-allowed-price	item-condition	quantity	add-delete	will-ship-internationally	expedited-shipping	standard-plus	item-note	fulfillment-center-id	product-tax-code	leadtime-to-ship	merchant_shipping_group_name
RAY_011598F	840891024149	3	648.33	578.98	879.52	11	0	a							30	
RAY_015121	840891034179	3	4595.8	4103.5	6236.8	11	0	a							30	
RAY_H000031	840891025887	3	46.86	41.95	63.24	11	0	a							30	
RAY_010209	840891015918	3	2732.4	2439.75	3707.9	11	0	a							30	
RAY_H000035	840891025573	3	96.0	85.83	129.93	11	0	a							30	
RAY_010203	840891015857	3	2483.7	2217.7	3370.38	11	0	a							30	
RAY_010200	840891015826	3	2456.6	2193.5	3333.6	11	0	a							30	
RAY_010201	840891015833	3	3008.2	2686.0	4082.2	11	0	a							30	
RAY_010207	840891015895	3	2593.06	2315.34	3518.79	11	0	a							30	
RAY_010204	840891015864	3	2757.91	2462.53	3742.52	11	0	a							30	
RAY_010205	840891015871	3	2732.4	2439.75	3707.9	11	0	a							30	
RAY_010007	840891014690	3	1919.0	1713.5	2604.0	11	0	a							30	
RAY_001345	840891022824	3	14092.28	12582.5	19124.88	11	0	a							30	
RAY_005234F	840891005278	3	1377.79	1230.27	1869.5	11	0	a							30	
RAY_013897	840891030744	3	68.2	61.0	92.2	11	0	a							30	
RAY_001346	840891006374	3	7958.99	7106.35	10801.13	11	0	a							30	
RAY_006727F	840891007432	3	2026.0	1809.04	2749.22	11	0	a							30	
RAY_010090F	840891019640	3	104.74	93.63	141.79	11	0	a							30	
RAY_010357F	840891023067	3	2295.95	2050.06	3115.57	11	0	a							30	
RAY_010347F	840891020165	3	137.28	122.68	185.95	11	0	a							30	
RAY_007157F	840891006824	3	154.97	138.47	209.96	11	0	a							30	
RAY_800080B	840891001430	3	5.91	5.39	7.67	11	0	a							30	
RAY_011591F	840891021896	3	135.32	120.92	183.29	11	0	a							30	
RAY_400013	840891001751	3	1.87	1.77	2.18	11	0	a							30	
RAY_004675F	840891002345	3	82.9	74.13	112.15	11	0	a							30	
RAY_005303F	840891009306	3	152.24	136.04	206.26	11	0	a							30	
RAY_011604F	840891025337	3	324.78	290.09	440.41	11	0	a							30	
RAY_007158F	840891020806	3	126.8	113.33	171.73	11	0	a							30	
RAY_010388F	840891022725	3	63.02	56.38	85.17	11	0	a							30	
RAY_600692	840891003021	3	426.45	380.86	578.39	11	0	a							30	
RAY_014804	840891032144	3	1472.4	1314.75	1997.9	11	0	a							30	
RAY_014805	840891032151	3	1496.2	1336.0	2030.2	11	0	a							30	
RAY_014806	840891032168	3	1496.2	1336.0	2030.2	11	0	a							30	
RAY_014800	840891032106	3	1160.2	1036.0	1574.2	11	0	a							30	
RAY_014801	840891032113	3	1142.04	1019.79	1549.56	11	0	a							30	
RAY_014803	840891032137	3	1471.28	1313.75	1996.38	11	0	a							30	
RAY_301210	840891004516	3	9.74	8.8	12.86	11	0	a							30	
RAY_300203	840891002314	3	1.55	1.49	1.74	11	0	a							30	
RAY_001457	840891005025	3	269.8	241.0	365.8	11	0	a							30	
RAY_010365F	840891019626	3	789.97	705.44	1071.74	11	0	a							30	
RAY_013794F	840891029922	3	2.64	2.46	3.22	11	0	a							30	
RAY_005681F	840891001522	3	343.45	306.76	465.76	11	0	a							30	
RAY_013729	840891029663	3	3640.2	3250.29	4939.92	11	0	a							30	
RAY_010371F	840891021674	3	943.4	842.42	1279.97	11	0	a							30	
RAY_011926F	840891023050	3	25.57	22.94	34.34	11	0	a							30	
RAY_001304F	840891004332	3	86.61	77.44	117.19	11	0	a							30	
RAY_006718F	840891004080	3	27.21	24.4	36.57	11	0	a							30	
RAY_H000002	840891030126	3	40.86	36.59	55.09	11	0	a							30	
RAY_010045F	840891021209	3	1182.0	1055.46	1603.78	11	0	a							30	
RAY_005218F	840891005766	3	330.35	295.06	447.98	11	0	a							30	
RAY_004428F	840891019114	3	158.25	141.4	214.41	11	0	a							30	
RAY_005289F	840891003601	3	47.41	42.44	63.98	11	0	a							30	
RAY_013793F	840891030584	3	3.18	2.95	3.96	11	0	a							30	
RAY_010037F	840891031116	3	948.86	847.3	1287.38	11	0	a							30	
RAY_006752	840891001959	3	140.23	125.31	189.96	11	0	a							30	
RAY_013340	840891028376	3	5120.38	4571.88	6948.73	11	0	a							30	
RAY_013344	840891028383	3	5494.6	4906.0	7456.6	11	0	a							30	
RAY_015002	840891033011	3	2244.28	2003.92	3045.45	11	0	a							30	
RAY_014798	840891032083	3	1142.04	1019.79	1549.56	11	0	a							30	
RAY_014799	840891032090	3	1142.04	1019.79	1549.56	11	0	a							30	
RAY_007189F	840891019350	3	83.99	75.1	113.63	11	0	a							30	
RAY_010083F	840891022091	3	165.35	147.74	224.04	11	0	a							30	
RAY_006035F	840891009580	3	25.02	22.45	33.6	11	0	a							30	
RAY_005304F	840891004356	3	258.71	231.1	350.75	11	0	a							30	
RAY_007374F	840891006428	3	214.49	191.61	290.73	11	0	a							30	
RAY_007228F	840891028130	3	41.95	37.56	56.58	11	0	a							30	
RAY_015361	840891035138	3	92.84	83.0	125.64	11	0	a							30	
RAY_006702F	840891002475	3	1707.14	1524.34	2316.47	11	0	a							30	
RAY_010424F	840891023685	3	441.3	394.13	598.55	11	0	a							30	
RAY_010370F	840891020257	3	853.31	761.99	1157.7	11	0	a							30	
RAY_014700	840891033929	3	4167.4	3721.0	5655.4	11	0	a							30	
RAY_010387F	840891022176	3	56.03	50.14	75.69	11	0	a							30	
RAY_000992F	840891003564	3	226.39	202.24	306.88	11	0	a							30	
RAY_005238F	840891008163	3	65.65	58.73	88.74	11	0	a							30	
RAY_014997	840891032960	3	2913.97	2601.86	3954.31	11	0	a							30	
RAY_014994	840891032939	3	2328.16	2078.82	3159.29	11	0	a							30	
RAY_014995	840891032946	3	2311.35	2063.81	3136.48	11	0	a							30	
RAY_014992	840891032915	3	2675.46	2388.91	3630.63	11	0	a							30	
RAY_014990	840891032892	3	2165.25	1933.36	2938.19	11	0	a							30	
RAY_014991	840891032908	3	2366.29	2112.86	3211.03	11	0	a							30	
RAY_010787F	840891029458	3	28.3	25.38	38.05	11	0	a							30	
RAY_003943F	840891007500	3	115.11	102.89	155.87	11	0	a							30	
RAY_014998	840891032977	3	2244.28	2003.92	3045.45	11	0	a							30	
RAY_014999	840891032984	3	2440.35	2178.99	3311.54	11	0	a							30	
RAY_007442F	840891027904	3	35.4	31.71	47.68	11	0	a							30	
RAY_001303F	840891002031	3	53.42	47.8	72.14	11	0	a							30	
RAY_014090F	840891033554	3	225.41	201.36	305.55	11	0	a							30	
RAY_010343F	840891021995	3	561.85	501.76	762.16	11	0	a							30	
RAY_014969	840891032441	3	2913.97	2601.86	3954.31	11	0	a							30	
RAY_014968	840891032434	3	2595.41	2317.44	3521.99	11	0	a							30	
RAY_001396	840891000945	3	6746.7	6023.95	9155.88	11	0	a							30	
RAY_001398	840891005575	3	6364.0	5682.25	8636.5	11	0	a							30	
RAY_014967	840891032427	3	2311.35	2063.81	3136.48	11	0	a							30	
RAY_015009	840891033080	3	3191.85	2849.97	4331.44	11	0	a							30	
RAY_015008	840891033073	3	2675.46	2388.91	3630.63	11	0	a							30	
RAY_015003	840891033028	3	2440.35	2178.99	3311.54	11	0	a							30	
RAY_005215F	840891005612	3	680.66	607.84	923.39	11	0	a							30	
RAY_015001	840891033004	3	3003.62	2681.91	4075.99	11	0	a							30	
RAY_015000	840891032991	3	2673.96	2387.57	3628.59	11	0	a							30	
RAY_015007	840891033066	3	2366.29	2112.86	3211.03	11	0	a							30	
RAY_015006	840891033059	3	2165.25	1933.36	2938.19	11	0	a							30	
RAY_015005	840891033042	3	3003.62	2681.91	4075.99	11	0	a							30	
RAY_015004	840891033035	3	2673.96	2387.57	3628.59	11	0	a							30	
RAY_014820	840891032281	3	1496.2	1336.0	2030.2	11	0	a							30	
RAY_006997	840891020295	3	52.34	46.84	70.67	11	0	a							30	
RAY_010396F	840891030751	3	333.84	298.18	452.71	11	0	a							30	
RAY_010048F	840891019541	3	268.32	239.68	363.79	11	0	a							30	
RAY_005220F	840891003854	3	299.66	267.66	406.33	11	0	a							30	
RAY_004916B	840891005797	3	127.67	114.1	172.91	11	0	a							30	
RAY_006487	840891003632	3	661.8	591.0	897.8	11	0	a							30	
RAY_006486	840891002895	3	648.36	579.0	879.56	11	0	a							30	
RAY_006485	840891003403	3	440.04	393.0	596.84	11	0	a							30	
RAY_006484	840891005483	3	426.6	381.0	578.6	11	0	a							30	
RAY_014126F	840891034773	3	82.24	73.54	111.26	11	0	a							30	
RAY_006999	840891021179	3	83.15	74.35	112.49	11	0	a							30	
RAY_005237F	840891005735	3	52.55	47.02	70.96	11	0	a							30	
RAY_750126	840891001805	3	27.21	24.4	36.57	11	0	a							30	
RAY_750125	840891005308	3	42.93	38.44	57.91	11	0	a							30	
RAY_006040	840891000747	3	325.8	291.0	441.8	11	0	a							30	
RAY_009248	840891013068	3	2213.99	1976.89	3004.35	11	0	a							30	
RAY_009249	840891013075	3	2042.2	1823.5	2771.2	11	0	a							30	
RAY_004728F	840891008484	3	57.78	51.7	78.06	11	0	a							30	
RAY_009244	840891013020	3	1881.2	1679.75	2552.7	11	0	a							30	
RAY_009245	840891013037	3	2042.2	1823.5	2771.2	11	0	a							30	
RAY_009246	840891013044	3	2288.6	2043.5	3105.6	11	0	a							30	
RAY_009247	840891013051	3	3018.13	2694.86	4095.67	11	0	a							30	
RAY_006994F	840891003922	3	187.96	167.92	254.73	11	0	a							30	
RAY_800001B	840891003144	3	28.08	25.18	37.75	11	0	a							30	
RAY_013603	840891029212	3	2282.44	2038.0	3097.24	11	0	a							30	
RAY_013602	840891029946	3	2971.24	2653.0	4032.04	11	0	a							30	
RAY_013600	840891029939	3	2626.84	2345.5	3564.64	11	0	a							30	
RAY_013605	840891031383	3	2971.24	2653.0	4032.04	11	0	a							30	
RAY_013604	840891031376	3	2626.84	2345.5	3564.64	11	0	a							30	
RAY_013359	840891027744	3	4288.53	3829.15	5819.79	11	0	a							30	
RAY_010346F	840891021704	3	1065.92	951.82	1446.25	11	0	a							30	
RAY_006714F	840891006077	3	17.93	16.11	23.97	11	0	a							30	
RAY_013358	840891027874	3	None	None	None	11	0	a							30	
RAY_013413	732382097780	3	4986.76	4452.58	6767.39	11	0	a							30	
RAY_007990	840891004455	3	95.35	85.24	129.04	11	0	a							30	
RAY_009878F	840891019244	3	700.97	625.98	950.96	11	0	a							30	
RAY_013789	840891030874	3	4731.71	4224.85	6421.25	11	0	a							30	
RAY_010055F	840891019152	3	604.88	540.17	820.55	11	0	a							30	
RAY_013786	840891030898	3	4241.96	3787.58	5756.59	11	0	a							30	
RAY_013785	840891030850	3	4241.96	3787.58	5756.59	11	0	a							30	
RAY_009358	840891020394	3	20694.55	18477.39	28085.11	11	0	a							30	
RAY_011590F	840891021124	3	135.32	120.92	183.29	11	0	a							30	
RAY_006508F	840891018049	3	776.75	693.64	1053.81	11	0	a							30	
RAY_010079F	840891022107	3	152.79	136.53	207.0	11	0	a							30	
RAY_009936	840891013990	3	2425.6	2165.82	3291.53	11	0	a							30	
RAY_009937	840891014003	3	2753.65	2458.72	3736.74	11	0	a							30	
RAY_009934	840891013976	3	1870.99	1670.64	2538.85	11	0	a							30	
RAY_009935	840891013983	3	2180.6	1947.07	2959.03	11	0	a							30	
RAY_010368F	840891020684	3	1106.97	988.48	1501.96	11	0	a							30	
RAY_009540	840891011774	3	43.0	38.5	58.0	11	0	a							30	
RAY_H000023	840891028628	3	24.48	21.96	32.86	11	0	a							30	
RAY_010006	840891014683	3	1796.74	1604.34	2438.07	11	0	a							30	
RAY_010211	840891015932	3	2553.73	2280.23	3465.42	11	0	a							30	
RAY_H000029	840891026426	3	235.78	210.63	319.63	11	0	a							30	
RAY_010213	840891015956	3	3155.77	2817.76	4282.48	11	0	a							30	
RAY_010212	840891015949	3	2837.96	2534.0	3851.16	11	0	a							30	
RAY_010216	840891015987	3	2759.62	2464.05	3744.84	11	0	a							30	
RAY_006900F	840891006770	3	21.75	19.52	29.16	11	0	a							30	
RAY_013640F	840891030089	3	23.93	21.47	32.12	11	0	a							30	
RAY_010046F	840891019862	3	1212.03	1082.28	1644.54	11	0	a							30	
RAY_009948	840891014119	3	2424.39	2164.74	3289.88	11	0	a							30	
RAY_001627F	840891001386	3	77.44	69.25	104.74	11	0	a							30	
RAY_009554F	840891022947	3	263.95	235.77	357.86	11	0	a							30	
RAY_004308F	840891001263	3	5.37	4.9	6.93	11	0	a							30	
RAY_014125F	840891033875	3	3.18	2.95	3.96	11	0	a							30	
RAY_004844F	840891003434	3	1478.25	1319.98	2005.84	11	0	a							30	
RAY_005232F	840891005957	3	1549.89	1383.94	2103.06	11	0	a							30	
RAY_001459	840891002840	3	321.32	287.0	435.72	11	0	a							30	
RAY_014819	840891032274	3	1140.88	1018.75	1547.98	11	0	a							30	
RAY_014818	840891032267	3	1160.2	1036.0	1574.2	11	0	a							30	
RAY_001458	840891000952	3	307.88	275.0	417.48	11	0	a							30	
RAY_014817	840891032250	3	1160.2	1036.0	1574.2	11	0	a							30	
RAY_014816	840891032243	3	1160.2	1036.0	1574.2	11	0	a							30	
RAY_014815	840891032236	3	1142.04	1019.79	1549.56	11	0	a							30	
RAY_002451F	840891001478	3	207.16	185.07	280.79	11	0	a							30	
RAY_001347	840891007890	3	8486.88	7577.68	11517.55	11	0	a							30	
RAY_007211F	840891004264	3	19.02	17.09	25.45	11	0	a							30	
RAY_010080F	840891022985	3	198.43	177.28	268.94	11	0	a							30	
RAY_006889F	840891001027	3	481.48	430.0	653.08	11	0	a							30	
RAY_001460	840891001065	3	348.2	311.0	472.2	11	0	a							30	
RAY_001348	840891005018	3	8906.6	7952.43	12087.17	11	0	a							30	
RAY_009881F	840891019251	3	1529.8	1366.0	2075.8	11	0	a							30	
RAY_350351F	840891031239	3	3.18	2.95	3.96	11	0	a							30	
RAY_014391	840891034148	3	28497.83	25444.6	38675.27	11	0	a							30	
RAY_009133F	840891010036	3	37.04	33.17	49.91	11	0	a							30	
RAY_005240F	840891003823	3	97.1	86.8	131.42	11	0	a							30	
RAY_900866	840891002024	3	3.18	2.95	3.96	11	0	a							30	
RAY_010745	840891023623	3	461.6	412.25	626.1	11	0	a							30	
RAY_010744	840891025269	3	453.2	404.75	614.7	11	0	a							30	
RAY_010008	840891014706	3	2339.7	2089.13	3174.95	11	0	a							30	
RAY_010009	840891014713	3	2479.0	2213.5	3364.0	11	0	a							30	
RAY_350080F	840891025283	3	4.5	4.13	5.75	11	0	a							30	
RAY_013989	840891030430	3	3277.0	2926.0	4447.0	11	0	a							30	
RAY_013357	840891027775	3	3753.81	3351.72	5094.1	11	0	a							30	
RAY_013356	840891027768	3	None	None	None	11	0	a							30	
RAY_001314F	840891002666	3	386.25	344.98	523.84	11	0	a							30	
RAY_010358F	840891021100	3	2455.82	2192.8	3332.54	11	0	a							30	
RAY_011594F	840891021933	3	400.24	357.46	542.82	11	0	a							30	
RAY_400734	840891004585	3	6.46	5.88	8.41	11	0	a							30	
RAY_006535F	840891006411	3	25.02	22.45	33.6	11	0	a							30	
RAY_013732	840891029809	3	3711.0	3313.5	5036.0	11	0	a							30	
RAY_013731	840891029731	3	4287.17	3827.94	5817.95	11	0	a							30	
RAY_013730	840891029762	3	3640.2	3250.29	4939.92	11	0	a							30	
RAY_013735	840891029700	3	6997.32	6247.71	9496.0	11	0	a							30	
RAY_001051F	840891004165	3	85.74	76.66	116.01	11	0	a							30	
RAY_010418F	840891023371	3	83.12	74.32	112.45	11	0	a							30	
RAY_010051F	840891021421	3	1207.66	1078.38	1638.61	11	0	a							30	
RAY_H000061	840891025016	3	56.92	50.92	76.89	11	0	a							30	
RAY_010420F	840891023296	3	125.05	111.76	169.36	11	0	a							30	
RAY_010089F	840891022169	3	90.0	80.46	121.78	11	0	a							30	
RAY_008757	840891023616	3	641.72	573.08	870.55	11	0	a							30	
RAY_400607	840891009832	3	4.5	4.13	5.75	11	0	a							30	
RAY_013850	840891029670	3	3355.41	2996.01	4553.42	11	0	a							30	
RAY_013851	840891029687	3	3835.7	3424.84	5205.23	11	0	a							30	
RAY_010364F	840891019619	3	700.97	625.98	950.96	11	0	a							30	
RAY_005214F	840891003892	3	579.33	517.36	785.87	11	0	a							30	
RAY_014978	840891032779	3	2125.72	1898.08	2884.55	11	0	a							30	
RAY_013486	840891029557	3	3548.24	3168.17	4815.11	11	0	a							30	
RAY_014979	840891032786	3	2323.1	2074.3	3152.42	11	0	a							30	
RAY_010042F	840891018490	3	183.91	164.31	249.24	11	0	a							30	
RAY_010859F	840891020479	3	1106.97	988.48	1501.96	11	0	a							30	
RAY_003163F	840891002659	3	1887.98	1685.8	2561.9	11	0	a							30	
RAY_010058F	840891019824	3	718.99	642.06	975.42	11	0	a							30	
RAY_014985	840891032847	3	3191.85	2849.97	4331.44	11	0	a							30	
RAY_014984	840891032830	3	2675.46	2388.91	3630.63	11	0	a							30	
RAY_004389F	840891004196	3	564.47	504.1	765.71	11	0	a							30	
RAY_014986	840891032854	3	2165.25	1933.36	2938.19	11	0	a							30	
RAY_014981	840891032809	3	2913.97	2601.86	3954.31	11	0	a							30	
RAY_014980	840891032793	3	2595.83	2317.81	3522.56	11	0	a							30	
RAY_014983	840891032823	3	2366.29	2112.86	3211.03	11	0	a							30	
RAY_014982	840891032816	3	2165.25	1933.36	2938.19	11	0	a							30	
RAY_014989	840891032885	3	3191.85	2849.97	4331.44	11	0	a							30	
RAY_014988	840891032878	3	2675.46	2388.91	3630.63	11	0	a							30	
RAY_011611F	840891021407	3	24.48	21.96	32.86	11	0	a							30	
RAY_004903F	840891002086	3	432.56	386.32	586.69	11	0	a							30	
RAY_004431F	840891003465	3	340.84	304.43	462.21	11	0	a							30	
RAY_006703F	840891005834	3	1800.62	1607.8	2443.34	11	0	a							30	
RAY_850247	840891004592	3	2.64	2.46	3.22	11	0	a							30	
RAY_015199	840891035152	3	200.36	179.0	271.56	11	0	a							30	
RAY_014357	840891032175	3	61.2	54.75	82.7	11	0	a							30	
RAY_010797	840891019312	3	241.8	216.0	327.8	11	0	a							30	
RAY_014358	840891032182	3	62.6	56.0	84.6	11	0	a							30	
RAY_900742	840891007166	3	30.71	27.52	41.32	11	0	a							30	
RAY_007996F	840891011286	3	902.56	805.96	1224.54	11	0	a							30	
RAY_010386F	840891019947	3	85.74	76.66	116.01	11	0	a							30	
RAY_011606F	840891021117	3	198.43	177.28	268.94	11	0	a							30	
RAY_014822	840891032304	3	1496.2	1336.0	2030.2	11	0	a							30	
RAY_014823	840891032311	3	1496.2	1336.0	2030.2	11	0	a							30	
RAY_006732F	840891002123	3	604.88	540.17	820.55	11	0	a							30	
RAY_014821	840891032298	3	1496.2	1336.0	2030.2	11	0	a							30	
RAY_014824	840891032328	3	1496.2	1336.0	2030.2	11	0	a							30	
RAY_005244F	840891003519	3	1707.14	1524.34	2316.47	11	0	a							30	
RAY_010367F	840891021629	3	956.5	854.13	1297.75	11	0	a							30	
RAY_005392F	840891005803	3	42.06	37.66	56.73	11	0	a							30	
RAY_005319F	840891008750	3	152.13	135.94	206.11	11	0	a							30	
RAY_011462F	840891021131	3	28.3	25.38	38.05	11	0	a							30	
RAY_009253	840891013112	3	2490.45	2223.72	3379.54	11	0	a							30	
RAY_009252	840891013105	3	1881.2	1679.75	2552.7	11	0	a							30	
RAY_009251	840891013099	3	3018.13	2694.86	4095.67	11	0	a							30	
RAY_009250	840891013082	3	2693.05	2404.61	3654.49	11	0	a							30	
RAY_009255	840891013136	3	3018.13	2694.86	4095.67	11	0	a							30	
RAY_009254	840891013129	3	2643.4	2360.29	3587.12	11	0	a							30	
RAY_001878F	840891022206	3	154.75	138.27	209.66	11	0	a							30	
RAY_350083F	840891025696	3	3.18	2.95	3.96	11	0	a							30	
RAY_003725F	840891001676	3	149.51	133.6	202.55	11	0	a							30	
RAY_008668F	840891004660	3	80.49	71.97	108.88	11	0	a							30	
RAY_002473F	840891006145	3	717.9	641.09	973.93	11	0	a							30	
RAY_014182	840891031178	3	4730.9	4224.13	6420.15	11	0	a							30	
RAY_001967F	840891008576	3	1048.45	936.22	1422.54	11	0	a							30	
RAY_010198	840891015802	3	2049.2	1829.75	2780.7	11	0	a							30	
RAY_010199	840891015819	3	2210.2	1973.5	2999.2	11	0	a							30	
RAY_013790	840891030911	3	4730.9	4224.13	6420.15	11	0	a							30	
RAY_014874F	840891033493	3	367.91	328.6	498.95	11	0	a							30	
RAY_005306F	840891004004	3	292.79	261.52	397.0	11	0	a							30	
RAY_007617F	840891020929	3	46.32	41.46	62.5	11	0	a							30	
RAY_005310F	840891002543	3	323.36	288.82	438.49	11	0	a							30	
RAY_015021	840891033202	3	3191.85	2849.97	4331.44	11	0	a							30	
RAY_015020	840891033196	3	2675.46	2388.91	3630.63	11	0	a							30	
RAY_004964F	840891005759	3	89.23	79.78	120.74	11	0	a							30	
RAY_011601F	840891025160	3	31.58	28.3	42.5	11	0	a							30	
RAY_010228	840891016090	3	2416.0	2157.25	3278.5	11	0	a							30	
RAY_010229	840891018636	3	3071.4	2742.42	4167.97	11	0	a							30	
RAY_013464F	840891028895	3	207.93	185.76	281.84	11	0	a							30	
RAY_850260F	840891009450	3	164.52	147.0	222.92	11	0	a							30	
RAY_005239F	840891007005	3	88.36	79.0	119.56	11	0	a							30	
RAY_010333F	840891019282	3	76.12	68.07	102.95	11	0	a							30	
RAY_010354F	840891020516	3	53.42	47.8	72.14	11	0	a							30	
RAY_005286F	840891004028	3	308.51	275.56	418.34	11	0	a							30	
RAY_006717F	840891004059	3	20.11	18.06	26.94	11	0	a							30	
RAY_009287	840891013457	3	2882.52	2573.79	3911.64	11	0	a							30	
RAY_009487F	840891011873	3	16.83	15.14	22.49	11	0	a							30	
RAY_010871F	840891019916	3	3.73	3.44	4.71	11	0	a							30	
RAY_009998	840891014607	3	1987.4	1774.57	2696.83	11	0	a							30	
RAY_009999	840891014614	3	2183.64	1949.79	2963.16	11	0	a							30	
RAY_009994	840891014560	3	1809.77	1615.97	2455.76	11	0	a							30	
RAY_009996	840891014584	3	2263.97	2021.51	3072.18	11	0	a							30	
RAY_009997	840891014591	3	2479.0	2213.5	3364.0	11	0	a							30	
RAY_005213F	840891002727	3	512.92	458.08	695.75	11	0	a							30	
RAY_006926	840891020301	3	120.95	108.1	163.79	11	0	a							30	
RAY_006928	840891019855	3	117.97	105.44	159.75	11	0	a							30	
RAY_011597F	840891021223	3	299.12	267.18	405.59	11	0	a							30	
RAY_004392F	840891002512	3	381.02	340.3	516.74	11	0	a							30	
RAY_001374	840891008309	3	8562.84	7645.5	11620.64	11	0	a							30	
RAY_001375	840891011613	3	7408.4	6614.75	10053.9	11	0	a							30	
RAY_001376	840891022046	3	9290.71	8295.39	12608.47	11	0	a							30	
RAY_012051	840891029151	3	509.48	455.0	691.08	11	0	a							30	
RAY_013792F	840891029915	3	2.75	2.56	3.38	11	0	a							30	
RAY_010060F	840891019749	3	512.06	457.3	694.58	11	0	a							30	
RAY_014987	840891032861	3	2323.1	2074.3	3152.42	11	0	a							30	
RAY_004878F	840891004219	3	490.22	437.8	664.94	11	0	a							30	
RAY_010355F	840891020523	3	53.42	47.8	72.14	11	0	a							30	
RAY_010363F	840891022190	3	1604.06	1432.3	2176.58	11	0	a							30	
RAY_002296F	840891023630	3	286.67	256.06	388.7	11	0	a							30	
RAY_002006F	840891009894	3	53.42	47.8	72.14	11	0	a							30	
RAY_010861F	840891019800	3	1508.83	1347.28	2047.34	11	0	a							30	
RAY_002477F	840891002192	3	89.23	79.78	120.74	11	0	a							30	
RAY_010043F	840891020134	3	1067.34	953.09	1448.17	11	0	a							30	
RAY_013366	840891027737	3	4784.03	4271.56	6492.25	11	0	a							30	
RAY_013362	840891027751	3	4751.33	4242.36	6447.87	11	0	a							30	
RAY_015451	840891035145	3	82.2	73.5	111.2	11	0	a							30	
RAY_009268	840891013266	3	2070.2	1848.5	2809.2	11	0	a							30	
RAY_009269	840891013273	3	2042.2	1823.5	2771.2	11	0	a							30	
RAY_010493	840891026198	3	665.19	594.02	902.4	11	0	a							30	
RAY_008135F	840891020509	3	55.17	49.36	74.51	11	0	a							30	
RAY_350350F	840891031246	3	3.18	2.95	3.96	11	0	a							30	
RAY_001299F	840891001317	3	70.89	63.4	95.85	11	0	a							30	
RAY_013744	840891029748	3	3711.0	3313.5	5036.0	11	0	a							30	
RAY_010081F	840891025641	3	224.64	200.68	304.51	11	0	a							30	
RAY_010356F	840891020219	3	1331.6	1189.04	1806.82	11	0	a							30	
RAY_013733F	840891033639	3	1.87	1.77	2.18	11	0	a							30	
RAY_H000055	840891025238	3	35.94	32.2	48.42	11	0	a							30	
RAY_004904F	840891007258	3	42.06	37.66	56.73	11	0	a							30	
RAY_014686	840891033837	3	3705.4	3308.5	5028.4	11	0	a							30	
RAY_007997F	840891011309	3	1065.92	951.82	1446.25	11	0	a							30	
RAY_008259F	840891005391	3	16.72	15.04	22.34	11	0	a							30	
RAY_013969	840891031109	3	303.4	271.0	411.4	11	0	a							30	
RAY_004697B	840891003717	3	139.03	124.24	188.32	11	0	a							30	
RAY_004031F	840891005896	3	569.71	508.78	772.82	11	0	a							30	
RAY_015748	840891035831	3	3579.4	3196.0	4857.4	11	0	a							30	
RAY_015749	840891035848	3	4033.0	3601.0	5473.0	11	0	a							30	
RAY_009491F	840891011880	3	90.54	80.95	122.52	11	0	a							30	
RAY_002440F	840891006114	3	63.24	56.58	85.47	11	0	a							30	
RAY_800276	840891004929	3	1.55	1.49	1.74	11	0	a							30	
RAY_010320F	840891023869	3	31.58	28.3	42.5	11	0	a							30	
RAY_005245F	840891006046	3	1800.62	1607.8	2443.34	11	0	a							30	
RAY_005290F	840891003045	3	80.49	71.97	108.88	11	0	a							30	
RAY_008062F	840891010050	3	53.42	47.8	72.14	11	0	a							30	
RAY_009362	840891024293	3	25308.8	22597.25	34347.3	11	0	a							30	
RAY_009360	840891033578	3	25780.03	23017.99	34986.82	11	0	a							30	
RAY_001315F	840891002352	3	419.46	374.63	568.91	11	0	a							30	
RAY_309255	840891011910	3	32.12	28.79	43.24	11	0	a							30	
RAY_002470F	840891019671	3	2743.56	2449.71	3723.04	11	0	a							30	
RAY_010359F	840891019442	3	1617.71	1444.49	2195.1	11	0	a							30	
RAY_009880F	840891019817	3	866.41	773.69	1175.49	11	0	a							30	
RAY_007156F	840891020004	3	281.42	251.38	381.57	11	0	a							30	
RAY_005217F	840891003724	3	302.39	270.1	410.03	11	0	a							30	
RAY_800304	840891004912	3	2.09	1.98	2.48	11	0	a							30	
RAY_H000025	840891025719	3	27.75	24.89	37.31	11	0	a							30	
RAY_010026F	840891024606	3	37.69	33.76	50.8	11	0	a							30	
RAY_010394F	840891022053	3	903.43	806.74	1225.72	11	0	a							30	
RAY_010210	840891015925	3	2049.2	1829.75	2780.7	11	0	a							30	
RAY_001970F	840891021803	3	1398.76	1249.0	1897.96	11	0	a							30	
RAY_350081	840891001133	3	4.5	4.13	5.75	11	0	a							30	
RAY_005305F	840891001898	3	276.18	246.7	374.46	11	0	a							30	
RAY_010082F	840891024187	3	252.59	225.64	342.45	11	0	a							30	
RAY_006826F	840891003359	3	19.02	17.09	25.45	11	0	a							30	
RAY_008126F	840891001126	3	17.38	15.63	23.23	11	0	a							30	
RAY_014971	840891032700	3	2440.35	2178.99	3311.54	11	0	a							30	
RAY_003544F	840891007067	3	92.18	82.41	124.75	11	0	a							30	
RAY_951474	840891031673	3	815.73	728.44	1106.71	11	0	a							30	
RAY_005219F	840891006282	3	381.02	340.3	516.74	11	0	a							30	
RAY_310732	840891020424	3	31.58	28.3	42.5	11	0	a							30	
RAY_010091F	840891022800	3	185.32	165.57	251.15	11	0	a							30	
RAY_H000317	840891035039	3	31.58	28.3	42.5	11	0	a							30	
RAY_004933F	840891009023	3	428.2	382.42	580.77	11	0	a							30	
RAY_013432	840891028208	3	4654.88	4156.25	6316.98	11	0	a							30	
RAY_010024	840891026075	3	2487.2	2220.82	3375.13	11	0	a							30	
RAY_010025	840891014867	3	2778.14	2480.59	3769.97	11	0	a							30	
RAY_010022	840891014843	3	1992.63	1779.24	2703.92	11	0	a							30	
RAY_010023	840891014850	3	2217.24	1979.79	3008.76	11	0	a							30	
RAY_006704F	840891002932	3	1182.0	1055.46	1603.78	11	0	a							30	
RAY_014019	840891030904	3	6069.24	5419.07	8236.47	11	0	a							30	
RAY_014018	840891030867	3	6069.24	5419.07	8236.47	11	0	a							30	
RAY_950388F	840891011965	3	170.48	152.32	231.01	11	0	a							30	
RAY_009489F	840891021070	3	92.73	82.9	125.49	11	0	a							30	
RAY_002546F	840891004363	3	58.65	52.48	79.24	11	0	a							30	
RAY_600827B	840891000877	3	87.27	78.02	118.08	11	0	a							30	
RAY_010061F	840891019763	3	546.45	488.01	741.26	11	0	a							30	
RAY_015014	840891033134	3	2165.25	1933.36	2938.19	11	0	a							30	
RAY_015015	840891033141	3	2366.29	2112.86	3211.03	11	0	a							30	
RAY_015016	840891033158	3	2675.46	2388.91	3630.63	11	0	a							30	
RAY_015010	840891033097	3	2165.25	1933.36	2938.19	11	0	a							30	
RAY_015011	840891033103	3	2366.29	2112.86	3211.03	11	0	a							30	
RAY_010366F	840891023111	3	866.41	773.69	1175.49	11	0	a							30	
RAY_015013	840891033127	3	3191.85	2849.97	4331.44	11	0	a							30	
RAY_003166F	840891011439	3	2758.96	2463.46	3743.94	11	0	a							30	
RAY_H000001	840891031475	3	17.6	15.82	23.53	11	0	a							30	
RAY_015018	840891033172	3	2165.25	1933.36	2938.19	11	0	a							30	
RAY_015019	840891033189	3	2366.29	2112.86	3211.03	11	0	a							30	
RAY_013795F	840891030140	3	52.55	47.02	70.96	11	0	a							30	
RAY_004934F	840891007241	3	118.07	105.53	159.88	11	0	a							30	
RAY_010230	840891016106	3	3372.45	3011.22	4576.54	11	0	a							30	
RAY_004902F	840891001911	3	166.12	148.43	225.09	11	0	a							30	
RAY_010337	840891018193	3	44.68	40.0	60.28	11	0	a							30	
RAY_010335	840891019404	3	32.12	28.79	43.24	11	0	a							30	
RAY_014718	840891032205	3	68.2	61.0	92.2	11	0	a							30	
RAY_010349F	840891018520	3	25.57	22.94	34.34	11	0	a							30	
RAY_001106	840891000716	3	706.6	631.0	958.6	11	0	a							30	
RAY_001105	840891006237	3	402.8	359.75	546.3	11	0	a							30	
RAY_001104	840891005360	3	596.84	533.0	809.64	11	0	a							30	
RAY_004429F	840891006602	3	176.27	157.49	238.86	11	0	a							30	
RAY_010044F	840891020868	3	1800.62	1607.8	2443.34	11	0	a							30	
RAY_011636	840891020745	3	12.2	11.0	16.2	11	0	a							30	
RAY_009291	840891013495	3	2564.4	2289.75	3479.9	11	0	a							30	
RAY_009356	840891026143	3	16725.81	14933.86	22698.95	11	0	a							30	
RAY_009982	840891014454	3	1796.74	1604.34	2438.07	11	0	a							30	
RAY_009985	840891014485	3	2682.46	2395.16	3640.13	11	0	a							30	
RAY_009984	840891014478	3	2339.7	2089.13	3174.95	11	0	a							30	
RAY_001962F	840891011798	3	87.49	78.22	118.38	11	0	a							30	
RAY_014021	840891030928	3	6769.02	6043.88	9186.17	11	0	a							30	
RAY_010390F	840891023388	3	75.26	67.3	101.78	11	0	a							30	
RAY_007399F	840891006947	3	61.28	54.83	82.81	11	0	a							30	
RAY_014976	840891032755	3	2673.96	2387.57	3628.59	11	0	a							30	
RAY_014977	840891032762	3	3003.62	2681.91	4075.99	11	0	a							30	
RAY_007377F	840891011477	3	21.2	19.04	28.42	11	0	a							30	
RAY_001403	840891008989	3	5967.8	5328.5	8098.8	11	0	a							30	
RAY_014972	840891032717	3	2673.96	2387.57	3628.59	11	0	a							30	
RAY_014973	840891032724	3	3003.62	2681.91	4075.99	11	0	a							30	
RAY_009855	840891013662	3	2432.07	2171.6	3300.31	11	0	a							30	
RAY_009854	840891013655	3	2165.86	1933.91	2939.03	11	0	a							30	
RAY_009856	840891013679	3	2725.08	2433.21	3697.96	11	0	a							30	
RAY_009851	840891013624	3	2432.07	2171.6	3300.31	11	0	a							30	
RAY_009850	840891013617	3	2165.86	1933.91	2939.03	11	0	a							30	
RAY_009853	840891013648	3	2564.4	2289.75	3479.9	11	0	a							30	
RAY_009852	840891013631	3	2725.08	2433.21	3697.96	11	0	a							30	
RAY_350079F	840891024118	3	3.18	2.95	3.96	11	0	a							30	
RAY_010796	840891030560	3	285.21	254.76	386.72	11	0	a							30	
RAY_011588F	840891027621	3	217.65	194.44	295.02	11	0	a							30	
RAY_004386F	840891005711	3	511.19	456.53	693.4	11	0	a							30	
RAY_062237B	840891000853	3	35.94	32.2	48.42	11	0	a							30	
RAY_005246F	840891004035	3	1890.59	1688.14	2565.45	11	0	a							30	
RAY_002234F	840891001713	3	46.32	41.46	62.5	11	0	a							30	
RAY_011600F	840891021728	3	24.59	22.06	33.02	11	0	a							30	
RAY_006734F	840891001287	3	1086.01	969.76	1473.52	11	0	a							30	
RAY_350086F	840891028901	3	3.18	2.95	3.96	11	0	a							30	
RAY_010369F	840891019756	3	777.96	694.71	1055.44	11	0	a							30	
RAY_007400F	840891006404	3	39.22	35.13	52.87	11	0	a							30	
RAY_011464F	840891021391	3	35.4	31.71	47.68	11	0	a							30	
RAY_006885F	840891004271	3	5.16	4.71	6.64	11	0	a							30	
RAY_009279	840891013372	3	2564.4	2289.75	3479.9	11	0	a							30	
RAY_009278	840891013365	3	2288.6	2043.5	3105.6	11	0	a							30	
RAY_013492F	840891030119	3	31.58	28.3	42.5	11	0	a							30	
RAY_014280	840891035114	3	8996.0	8032.25	12208.5	11	0	a							30	
RAY_014281	840891035121	3	9976.46	8907.66	13539.13	11	0	a							30	
RAY_009271	840890913291	3	2564.4	2289.75	3479.9	11	0	a							30	
RAY_009270	840891013280	3	2519.6	2249.75	3419.1	11	0	a							30	
RAY_009273	840891013310	3	2256.93	2015.23	3062.62	11	0	a							30	
RAY_009272	840891013303	3	2213.99	1976.89	3004.35	11	0	a							30	
RAY_009275	840891013334	3	2564.4	2289.75	3479.9	11	0	a							30	
RAY_009274	840891013327	3	2288.6	2043.5	3105.6	11	0	a							30	
RAY_009277	840891013358	3	2222.8	1984.75	3016.3	11	0	a							30	
RAY_009276	840891013341	3	2079.75	1857.02	2822.16	11	0	a							30	
RAY_005216F	840891002673	3	903.43	806.74	1225.72	11	0	a							30	
RAY_002489F	840891001799	3	1050.96	938.46	1425.94	11	0	a							30	
RAY_010071F	840891027072	3	320.73	286.48	434.92	11	0	a							30	
RAY_004309F	840891027195	3	270.18	241.34	366.31	11	0	a							30	
RAY_009499F	840891019787	3	5.37	4.9	6.93	11	0	a							30	
RAY_H000045	840891028697	3	41.18	36.88	55.53	11	0	a							30	
RAY_H000043	840891025443	3	46.43	41.56	62.66	11	0	a							30	
RAY_001975F	840891007494	3	1166.39	1041.52	1582.6	11	0	a							30	
RAY_002250F	840891023647	3	1016.99	908.14	1379.85	11	0	a							30	
RAY_H000049	840891026235	3	39.22	35.13	52.87	11	0	a							30	
RAY_003273F	840891001379	3	51.67	46.24	69.76	11	0	a							30	
RAY_014124F	840891033868	3	43.81	39.22	59.1	11	0	a							30	
RAY_014699	840891033516	3	3644.58	3254.2	4945.86	11	0	a							30	
RAY_014020	840891030881	3	6769.02	6043.88	9186.17	11	0	a							30	
RAY_004908F	840891008170	3	43.81	39.22	59.1	11	0	a							30	
RAY_015750	840891035855	3	4453.0	3976.0	6043.0	11	0	a							30	
RAY_003165F	840891006169	3	1532.53	1368.44	2079.51	11	0	a							30	
RAY_005284F	840891004103	3	157.7	140.91	213.67	11	0	a							30	
