sku	product-id	product-id-type	price	minimum-seller-allowed-price	maximum-seller-allowed-price	item-condition	quantity	add-delete	will-ship-internationally	expedited-shipping	standard-plus	item-note	fulfillment-center-id	product-tax-code	leadtime-to-ship	merchant_shipping_group_name
UNI_C-5371	678285150095	3	48.56	43.46	65.54	11	0	a							30	
UNI_C-5374	678285150378	3	26.23	23.52	35.24	11	0	a							30	
UNI_5CH-402	678285250030	3	21.62	19.41	28.99	11	0	a							30	
UNI_C-7626	678285170802	3	19.58	17.59	26.21	11	0	a							30	
UNI_C-7625	678285170796	3	24.48	21.96	32.86	11	0	a							30	
UNI_C-8420	678285180351	3	125.89	112.51	170.5	11	0	a							30	
UNI_C-8425	678285180382	3	105.15	93.99	142.34	11	0	a							30	
UNI_T-380R	678285120012	3	4.23	3.89	5.39	11	0	a							30	
UNI_C-6300	678285160018	3	26.38	23.66	35.45	11	0	a							30	
UNI_S-7112	678285600163	3	13.46	12.13	17.91	11	0	a							30	
UNI_C-5302	678285150033	3	34.05	30.51	45.86	11	0	a							30	
UNI_C-5300	678285150019	3	33.82	30.3	45.54	11	0	a							30	
UNI_C-7656	678285170888	3	31.42	28.16	42.29	11	0	a							30	
UNI_C-7652	678285170871	3	33.73	30.22	45.42	11	0	a							30	
UNI_C-7651	678285170864	3	50.84	45.5	68.64	11	0	a							30	
UNI_C-6650	678285160230	3	52.66	47.13	71.11	11	0	a							30	
UNI_C-4975	678285140553	3	27.71	24.85	37.25	11	0	a							30	
UNI_C-6659	678285160247	3	51.6	46.17	69.67	11	0	a							30	
UNI_6CH-75	678285260084	3	51.15	45.77	69.06	11	0	a							30	
UNI_FG-3020	678285300292	3	32.79	29.39	44.15	11	0	a							30	
UNI_FG-3022	678285300308	3	25.74	23.09	34.57	11	0	a							30	
UNI_7CH-552	678285270076	3	40.41	36.19	54.48	11	0	a							30	
UNI_FG-2413	678285300186	3	12.27	11.06	16.3	11	0	a							30	
UNI_FG-2412	678285300179	3	16.13	14.51	21.54	11	0	a							30	
UNI_C-2610	678285120135	3	13.95	12.56	18.58	11	0	a							30	
UNI_C-2612	678285120142	3	11.75	10.6	15.59	11	0	a							30	
UNI_C-2613	678285120159	3	13.14	11.84	17.47	11	0	a							30	
UNI_C-2618	678285120166	3	16.32	14.67	21.79	11	0	a							30	
UNI_4CH-35	678285240062	3	32.36	29.0	43.56	11	0	a							30	
UNI_8CH-202AM	678285780037	3	64.62	57.8	87.34	11	0	a							30	
UNI_4CH-30	678285240055	3	18.3	16.45	24.48	11	0	a							30	
UNI_C-7494-4	678285171427	3	224.86	200.88	304.81	11	0	a							30	
UNI_C-4618	678285140492	3	14.27	12.85	19.01	11	0	a							30	
UNI_C-8399	678285180283	3	42.65	38.19	57.53	11	0	a							30	
UNI_C-4611	678285140478	3	8.08	7.32	10.61	11	0	a							30	
UNI_6CH-959	678285260206	3	37.5	33.59	50.53	11	0	a							30	
UNI_5CH-45	678285250023	3	24.0	21.54	32.22	11	0	a							30	
UNI_C-7442	678285170291	3	38.7	34.66	52.17	11	0	a							30	
UNI_C-7440	678285170284	3	30.01	26.9	40.37	11	0	a							30	
UNI_C-7447	678285170307	3	45.72	40.93	61.69	11	0	a							30	
UNI_4CH-935	678285240178	3	20.78	18.66	27.85	11	0	a							30	
UNI_C-7449	678285170321	3	29.21	26.19	39.28	11	0	a							30	
UNI_C-5624	678285150286	3	21.64	19.43	29.01	11	0	a							30	
UNI_C-5625	678285150293	3	17.98	16.16	24.05	11	0	a							30	
UNI_C-5626	678285150309	3	20.78	18.66	27.85	11	0	a							30	
UNI_C-5627	678285150316	3	33.12	29.68	44.59	11	0	a							30	
UNI_FG-1236	678285300124	3	11.82	10.66	15.69	11	0	a							30	
UNI_C-5621	678285150255	3	25.32	22.71	34.0	11	0	a							30	
UNI_C-5622	678285150262	3	26.87	24.1	36.11	11	0	a							30	
UNI_C-7437	678285170260	3	31.65	28.36	42.59	11	0	a							30	
UNI_C-7433	678285170246	3	32.36	29.0	43.56	11	0	a							30	
UNI_C-7430	678285171229	3	79.18	70.8	107.1	11	0	a							30	
UNI_C-6430	678285160056	3	18.95	17.02	25.36	11	0	a							30	
UNI_C-6433	678285160063	3	34.08	30.54	45.9	11	0	a							30	
UNI_C-7439	678285170277	3	26.31	23.6	35.35	11	0	a							30	
UNI_C-4608	678285140447	3	7.75	7.03	10.16	11	0	a							30	
UNI_C-7660	678285170895	3	34.25	30.69	46.13	11	0	a							30	
UNI_C-8465	678285180153	3	37.04	33.17	49.91	11	0	a							30	
UNI_S-7151	678285600231	3	17.76	15.96	23.74	11	0	a							30	
UNI_C-4607	678285140430	3	6.03	5.49	7.82	11	0	a							30	
UNI_C-7698	678285171212	3	52.2	46.71	70.48	11	0	a							30	
UNI_C-7697	678285171205	3	72.2	64.58	97.63	11	0	a							30	
UNI_C-8340	678285180047	3	27.56	24.71	37.04	11	0	a							30	
UNI_C-8341	678285180344	3	27.07	24.28	36.38	11	0	a							30	
UNI_6CH-502	678285260138	3	27.46	24.63	36.91	11	0	a							30	
UNI_5CH-203	678285250047	3	18.4	16.54	24.62	11	0	a							30	
UNI_C-9970	678285190244	3	69.96	62.57	94.59	11	0	a							30	
UNI_FS-3037	678285400060	3	158.11	141.28	214.22	11	0	a							30	
UNI_C-5330	678285150392	3	15.62	14.05	20.84	11	0	a							30	
UNI_C-9485	678285190169	3	68.35	61.14	92.41	11	0	a							30	
UNI_C-9480	678285190121	3	60.22	53.88	81.37	11	0	a							30	
UNI_C-9481	678285190138	3	101.24	90.5	137.04	11	0	a							30	
UNI_C-9482	678285190145	3	83.99	75.1	113.63	11	0	a							30	
UNI_C-9483	678285190152	3	105.89	94.65	143.35	11	0	a							30	
UNI_6CH-25	678285260015	3	22.94	20.59	30.77	11	0	a							30	
UNI_6CH-26	678285260022	3	25.42	22.8	34.14	11	0	a							30	
UNI_PG-1906	678285500050	3	22.42	20.13	30.07	11	0	a							30	
UNI_PG-1904	678285500036	3	16.3	14.66	21.77	11	0	a							30	
UNI_PG-1905	678285500043	3	19.35	17.39	25.91	11	0	a							30	
UNI_PG-1902	678285500012	3	13.46	12.13	17.91	11	0	a							30	
UNI_PG-1903	678285500029	3	13.15	11.85	17.49	11	0	a							30	
UNI_C-6616	678285160162	3	15.91	14.31	21.23	11	0	a							30	
UNI_C-6617	678285160179	3	27.52	24.68	36.99	11	0	a							30	
UNI_FG-1272	678285300155	3	20.56	18.46	27.54	11	0	a							30	
UNI_C-9650	678285190213	3	34.77	31.15	46.83	11	0	a							30	
UNI_C-4316	678285140751	3	18.65	16.76	24.96	11	0	a							30	
UNI_FG-1072	678285300100	3	23.95	21.49	32.14	11	0	a							30	
UNI_C-4311	678285140102	3	32.05	28.73	43.14	11	0	a							30	
UNI_C-4310	678285140096	3	13.32	12.0	17.72	11	0	a							30	
UNI_6CH-961	678285260145	3	28.45	25.51	38.26	11	0	a							30	
UNI_6CH-960	678285260121	3	28.45	25.51	38.26	11	0	a							30	
UNI_C-9999	678285190251	3	69.78	62.41	94.35	11	0	a							30	
UNI_C-6645	678285160223	3	44.51	39.85	60.05	11	0	a							30	
UNI_C-7459-4	678285171298	3	166.34	148.63	225.39	11	0	a							30	
UNI_SC3-SR50	678285190336	3	33.86	30.34	45.59	11	0	a							30	
UNI_7CH-402	678285270045	3	26.31	23.6	35.35	11	0	a							30	
UNI_S-0140	678285600040	3	12.3	11.09	16.33	11	0	a							30	
UNI_C-7495	678285170611	3	80.98	72.41	109.55	11	0	a							30	
UNI_C-7494	678285171168	3	59.91	53.6	80.95	11	0	a							30	
UNI_C-7496	678285170628	3	58.09	51.98	78.48	11	0	a							30	
UNI_C-7491	678285170581	3	42.08	37.67	56.75	11	0	a							30	
UNI_C-7490	678285171151	3	82.4	73.67	111.47	11	0	a							30	
UNI_C-7493	678285170604	3	67.22	60.13	90.87	11	0	a							30	
UNI_C-7499	678285170659	3	57.49	51.44	77.67	11	0	a							30	
UNI_C-7498	678285170642	3	86.79	77.6	117.43	11	0	a							30	
UNI_C-6610	678285160155	3	13.73	12.36	18.27	11	0	a							30	
UNI_C-6960	678285160278	3	45.44	40.67	61.31	11	0	a							30	
UNI_C-7367	678285171038	3	38.38	34.38	51.73	11	0	a							30	
UNI_C-7408	678285170123	3	83.4	74.58	112.83	11	0	a							30	
UNI_C-7409	678285170130	3	70.54	63.09	95.37	11	0	a							30	
UNI_C-7406	678285170109	3	44.34	39.7	59.82	11	0	a							30	
UNI_C-7407	678285170116	3	54.65	48.9	73.81	11	0	a							30	
UNI_C-7405	678285170093	3	33.91	30.39	45.67	11	0	a							30	
UNI_C-7402	678285170062	3	39.25	35.15	52.91	11	0	a							30	
UNI_S-0175	678285600095	3	11.18	10.09	14.81	11	0	a							30	
UNI_S-0174	678285600088	3	15.57	14.01	20.78	11	0	a							30	
UNI_C-7630	678285170819	3	37.78	33.84	50.91	11	0	a							30	
UNI_C-7633	678285170833	3	27.71	24.85	37.25	11	0	a							30	
UNI_C-8414	678285180320	3	68.54	61.3	92.66	11	0	a							30	
UNI_C-8416	678285180290	3	70.64	63.18	95.51	11	0	a							30	
UNI_C-8417	678285180139	3	87.3	78.05	118.12	11	0	a							30	
UNI_C-8410	678285180368	3	73.8	66.0	99.8	11	0	a							30	
UNI_C-8411	678285180191	3	45.34	40.59	61.17	11	0	a							30	
UNI_C-8412	678285180122	3	58.61	52.44	79.19	11	0	a							30	
UNI_C-8413	678285180238	3	64.57	57.76	87.28	11	0	a							30	
UNI_C-6310	678285160308	3	61.2	54.75	82.7	11	0	a							30	
UNI_C-8311	678285180306	3	42.09	37.69	56.77	11	0	a							30	
UNI_C-8316	678285180313	3	60.16	53.82	81.29	11	0	a							30	
UNI_6CH-60	678285260077	3	45.17	40.44	60.95	11	0	a							30	
UNI_7CH-975	678285270090	3	35.45	31.76	47.76	11	0	a							30	
UNI_C-2608	678285120128	3	7.37	6.69	9.64	11	0	a							30	
UNI_C-2601	678285120081	3	5.63	5.14	7.29	11	0	a							30	
UNI_C-2606	678285120104	3	7.62	6.91	9.99	11	0	a							30	
UNI_UHD-SR50	678285190275	3	36.77	32.94	49.55	11	0	a							30	
UNI_S-1920	678285600125	3	22.36	20.07	29.99	11	0	a							30	
UNI_C-9478	678285190114	3	72.43	64.78	97.94	11	0	a							30	
UNI_C-9475	678285190107	3	56.31	50.39	76.07	11	0	a							30	
UNI_FG-2409	678285300162	3	11.22	10.13	14.87	11	0	a							30	
UNI_C-5426	678285150187	3	20.49	18.4	27.45	11	0	a							30	
UNI_C-5427	678285150194	3	27.21	24.4	36.57	11	0	a							30	
UNI_C-4609	678285140454	3	8.28	7.5	10.88	11	0	a							30	
UNI_C-5423	678285150170	3	18.88	16.96	25.26	11	0	a							30	
UNI_C-4605	678285140423	3	8.81	7.97	11.6	11	0	a							30	
UNI_C-4604	678285140416	3	13.64	12.29	18.16	11	0	a							30	
UNI_FG-1036	678285300070	3	18.14	16.3	24.26	11	0	a							30	
UNI_C-4600	678285140591	3	6.92	6.29	9.04	11	0	a							30	
UNI_C-4602	678285140393	3	8.49	7.69	11.16	11	0	a							30	
UNI_C-2306	678285120067	3	5.17	4.72	6.66	11	0	a							30	
UNI_C-2305	678285120197	3	4.63	4.24	5.92	11	0	a							30	
UNI_C-2302	678285120036	3	8.8	7.96	11.58	11	0	a							30	
UNI_C-2303	678285120043	3	8.53	7.72	11.22	11	0	a							30	
UNI_C-2308	678285120074	3	6.78	6.16	8.85	11	0	a							30	
UNI_C-7451	678285170345	3	31.74	28.45	42.72	11	0	a							30	
UNI_C-7450	678285170338	3	45.93	41.11	61.97	11	0	a							30	
UNI_C-7453	678285170352	3	45.41	40.65	61.27	11	0	a							30	
UNI_C-7455	678285170369	3	44.9	40.2	60.58	11	0	a							30	
UNI_S-0147	678285600057	3	16.86	15.16	22.53	11	0	a							30	
UNI_C-7457	678285170376	3	45.98	41.16	62.05	11	0	a							30	
UNI_4CH-940	678285240093	3	32.6	29.21	43.88	11	0	a							30	
UNI_C-7459	678285171052	3	44.51	39.85	60.05	11	0	a							30	
UNI_C-7458	678285171113	3	47.05	42.11	63.49	11	0	a							30	
UNI_C-6450	678285160087	3	39.0	34.92	52.57	11	0	a							30	
UNI_C-7488-4	678285171397	3	190.18	169.91	257.75	11	0	a							30	
UNI_4CH-949	678285240147	3	24.63	22.1	33.07	11	0	a							30	
UNI_C-5637	678285150347	3	29.2	26.18	39.27	11	0	a							30	
UNI_C-5635	678285150323	3	29.31	26.27	39.42	11	0	a							30	
UNI_FG-1248	678285300131	3	14.57	13.11	19.41	11	0	a							30	
UNI_C-4326	678285140164	3	13.57	12.23	18.06	11	0	a							30	
UNI_8CH-502	678285280068	3	29.69	26.61	39.93	11	0	a							30	
UNI_C-4324	678285140140	3	24.87	22.31	33.4	11	0	a							30	
UNI_C-4325	678285140157	3	13.43	12.1	17.87	11	0	a							30	
UNI_C-4320	678285140126	3	15.99	14.39	21.35	11	0	a							30	
UNI_S-0130	678285600033	3	11.85	10.69	15.73	11	0	a							30	
UNI_4CH-23	678285240123	3	16.5	14.84	22.03	11	0	a							30	
UNI_4CH-22	678285240116	3	15.78	14.2	21.06	11	0	a							30	
UNI_4CH-21	678285240031	3	17.67	15.89	23.63	11	0	a							30	
UNI_4CH-20	678285240024	3	21.08	18.93	28.25	11	0	a							30	
UNI_C-7675	678285170901	3	52.88	47.33	71.41	11	0	a							30	
UNI_C-7677	678285170925	3	48.36	43.29	65.28	11	0	a							30	
UNI_C-7676	678285170918	3	42.03	37.64	56.69	11	0	a							30	
UNI_C-8326	678285180221	3	52.91	47.35	71.45	11	0	a							30	
UNI_C-8325	678285180207	3	51.82	46.38	69.97	11	0	a							30	
UNI_7CH-752	678285270083	3	48.68	43.58	65.71	11	0	a							30	
UNI_C-7679	678285170949	3	109.37	97.76	148.08	11	0	a							30	
UNI_C-7678	678285170932	3	32.98	29.55	44.4	11	0	a							30	
UNI_S-7146	678285600217	3	14.4	12.96	19.18	11	0	a							30	
UNI_C-8350	678285180054	3	29.22	26.2	39.3	11	0	a							30	
UNI_5CH-352	678285150439	3	20.36	18.29	27.28	11	0	a							30	
UNI_UHD-SR137	678285190312	3	72.51	64.85	98.05	11	0	a							30	
UNI_C-4428	678285140324	3	24.98	22.41	33.55	11	0	a							30	
UNI_C-7350	678285171090	3	30.11	26.99	40.5	11	0	a							30	
UNI_C-8450	678285180146	3	29.22	26.2	39.3	11	0	a							30	
UNI_C-9407	678285190053	3	46.05	41.23	62.14	11	0	a							30	
UNI_C-9401	678285190015	3	63.33	56.65	85.59	11	0	a							30	
UNI_C-9402	678285190022	3	57.67	51.6	77.91	11	0	a							30	
UNI_C-9403	678285190039	3	75.66	67.66	102.33	11	0	a							30	
UNI_C-8320	678285180030	3	53.09	47.51	71.7	11	0	a							30	
UNI_S-7131	678285600170	3	15.14	13.63	20.19	11	0	a							30	
UNI_C-5326	678285150057	3	27.78	24.91	37.35	11	0	a							30	
UNI_6CH-352	678285260152	3	30.48	27.32	41.01	11	0	a							30	
UNI_5CH-35	678285250016	3	21.89	19.65	29.35	11	0	a							30	
UNI_C-9490	678285190411	3	66.98	59.91	90.55	11	0	a							30	
UNI_C-4950	678285140539	3	21.43	19.24	28.72	11	0	a							30	
UNI_C-9499	678285190176	3	67.88	60.71	91.76	11	0	a							30	
UNI_C-9498	678285190428	3	102.49	91.61	138.73	11	0	a							30	
UNI_FG-3009	678285300223	3	17.45	15.69	23.33	11	0	a							30	
UNI_FG-3008	678285300216	3	12.73	11.48	16.92	11	0	a							30	
UNI_C-3608	678285130011	3	10.56	9.54	13.98	11	0	a							30	
UNI_FG-3005	678285300209	3	11.6	10.46	15.38	11	0	a							30	
UNI_C-6605	678285160148	3	44.69	40.01	60.3	11	0	a							30	
UNI_C-6603	678285160131	3	26.91	24.14	36.17	11	0	a							30	
UNI_C-6601	678285160117	3	30.16	27.04	40.58	11	0	a							30	
UNI_C-6600	678285160100	3	32.88	29.46	44.26	11	0	a							30	
UNI_7CH-90	678285270106	3	42.16	37.75	56.86	11	0	a							30	
UNI_4CH-19	678285240017	3	15.31	13.78	20.42	11	0	a							30	
UNI_FG-3919	678285300360	3	24.55	22.02	32.96	11	0	a							30	
UNI_FG-3911	678285300315	3	17.63	15.85	23.57	11	0	a							30	
UNI_FG-3913	678285300339	3	29.66	26.59	39.89	11	0	a							30	
UNI_FG-3912	678285300322	3	18.71	16.81	25.04	11	0	a							30	
UNI_FG-3917	678285300353	3	20.78	18.66	27.85	11	0	a							30	
UNI_FG-3916	678285300346	3	24.74	22.2	33.22	11	0	a							30	
UNI_8CH-852AM	678285280082	3	76.87	68.74	103.96	11	0	a							30	
UNI_FG-1048	678285300087	3	22.49	20.19	30.16	11	0	a							30	
UNI_4CH-65	678285240086	3	30.64	27.46	41.22	11	0	a							30	
UNI_C-7301	678285170017	3	47.12	42.17	63.59	11	0	a							30	
UNI_C-7302	678285170024	3	55.98	50.09	75.61	11	0	a							30	
UNI_C-7487-4	678285171380	3	180.7	161.45	244.88	11	0	a							30	
UNI_C-5601	678285150224	3	15.64	14.08	20.87	11	0	a							30	
UNI_C-7483-4	678285171373	3	142.67	127.49	193.26	11	0	a							30	
UNI_S-2000	678285600132	3	13.7	12.34	18.23	11	0	a							30	
UNI_C-7419	678285170208	3	76.96	68.83	104.09	11	0	a							30	
UNI_C-7415	678285170161	3	43.13	38.61	58.17	11	0	a							30	
UNI_C-7417	678285170185	3	37.22	33.34	50.15	11	0	a							30	
UNI_C-7416	678285170178	3	54.35	48.64	73.41	11	0	a							30	
UNI_C-8409	678285180115	3	47.13	42.19	63.61	11	0	a							30	
UNI_C-5350	678285150088	3	38.73	34.69	52.2	11	0	a							30	
UNI_C-5351	678285150415	3	61.41	54.94	82.98	11	0	a							30	
UNI_C-8403	678285180085	3	83.24	74.42	112.61	11	0	a							30	
UNI_C-7605	678285170680	3	34.32	30.75	46.22	11	0	a							30	
UNI_C-7606	678285170697	3	46.68	41.79	63.0	11	0	a							30	
UNI_C-7607	678285170703	3	87.46	78.2	118.34	11	0	a							30	
UNI_C-8405	678285180092	3	131.24	117.29	177.76	11	0	a							30	
UNI_S-7172	678285600255	3	18.07	16.24	24.16	11	0	a							30	
UNI_FS-3053	678285400077	3	221.93	198.26	300.84	11	0	a							30	
UNI_C-4995	678285140560	3	37.75	33.81	50.88	11	0	a							30	
UNI_C-4999	678285140577	3	40.76	36.5	54.96	11	0	a							30	
UNI_6CH-50	678285260060	3	29.14	26.13	39.19	11	0	a							30	
UNI_UHD-SR100	678285190299	3	58.09	51.98	78.48	11	0	a							30	
UNI_C-9405	678285190046	3	37.83	33.89	50.99	11	0	a							30	
UNI_C-7469-4	678285171311	3	134.69	120.36	182.43	11	0	a							30	
UNI_C-5434	678285150217	3	36.31	32.52	48.92	11	0	a							30	
UNI_FG-1003	678285300025	3	11.82	10.66	15.69	11	0	a							30	
UNI_FG-1002	678285300018	3	9.08	8.21	11.96	11	0	a							30	
UNI_FG-1005	678285300049	3	17.95	16.14	24.01	11	0	a							30	
UNI_FG-1004	678285300032	3	14.57	13.11	19.41	11	0	a							30	
UNI_FG-1006	678285300056	3	20.56	18.46	27.54	11	0	a							30	
UNI_C-8610	678285180184	3	57.06	51.05	77.08	11	0	a							30	
UNI_T-380	678285120029	3	4.12	3.79	5.24	11	0	a							30	
UNI_C-9699	678285190220	3	61.1	54.66	82.57	11	0	a							30	
UNI_C-6980	678285160285	3	88.44	79.08	119.67	11	0	a							30	
UNI_C-7464	678285170406	3	76.8	68.67	103.87	11	0	a							30	
UNI_C-7465	678285170413	3	52.83	47.28	71.34	11	0	a							30	
UNI_C-7466	678285170420	3	52.83	47.28	71.34	11	0	a							30	
UNI_C-7467	678285170437	3	39.18	35.09	52.81	11	0	a							30	
UNI_4CH-950	678285240109	3	24.87	22.31	33.4	11	0	a							30	
UNI_C-7468	678285171069	3	55.88	50.0	75.48	11	0	a							30	
UNI_C-7469	678285170444	3	36.18	32.41	48.75	11	0	a							30	
UNI_C-7482-4	678285171366	3	250.93	224.15	340.19	11	0	a							30	
UNI_S-0170	678285600071	3	10.72	9.68	14.19	11	0	a							30	
UNI_C-4339	678285140218	3	20.28	18.21	27.16	11	0	a							30	
UNI_C-4332	678285140195	3	15.94	14.34	21.27	11	0	a							30	
UNI_C-7400	678285170048	3	32.26	28.91	43.43	11	0	a							30	
UNI_4CH-50	678285240079	3	23.83	21.39	31.99	11	0	a							30	
UNI_5CH-502	678285150354	3	24.45	21.94	32.83	11	0	a							30	
UNI_FS-2002	678285400015	3	66.77	59.72	90.26	11	0	a							30	
UNI_FS-2003	678285400022	3	88.91	79.49	120.3	11	0	a							30	
UNI_FS-2004	678285400039	3	111.26	99.45	150.64	11	0	a							30	
UNI_FS-2005	678285400046	3	138.03	123.35	186.97	11	0	a							30	
UNI_FS-2006	678285300056	3	159.33	142.36	215.87	11	0	a							30	
UNI_C-7477-4	678285171359	3	134.27	119.99	181.86	11	0	a							30	
UNI_FG-2417	678285300193	3	18.82	16.91	25.19	11	0	a							30	
UNI_7CH-32	678285270014	3	31.35	28.1	42.19	11	0	a							30	
UNI_8CH-950	678285280044	3	38.17	34.19	51.45	11	0	a							30	
UNI_8CH-951	678285280099	3	39.08	35.0	52.68	11	0	a							30	
UNI_C-4349	678285140263	3	30.97	27.76	41.68	11	0	a							30	
UNI_C-5315	678285150446	3	10.24	9.25	13.54	11	0	a							30	
UNI_C-6660	678285160254	3	40.24	36.04	54.26	11	0	a							30	
UNI_C-7468-4	678285171304	3	209.54	187.2	284.02	11	0	a							30	
UNI_FG-3019	678285300285	3	24.55	22.02	32.96	11	0	a							30	
UNI_FG-3015	678285300261	3	14.96	13.46	19.94	11	0	a							30	
UNI_FG-3016	678285300278	3	14.47	13.02	19.28	11	0	a							30	
UNI_FG-3011	678285300230	3	17.63	15.85	23.57	11	0	a							30	
UNI_FG-3012	678285300247	3	18.71	16.81	25.04	11	0	a							30	
UNI_FG-3013	678285300254	3	22.83	20.49	30.62	11	0	a							30	
UNI_C-9419	678285190084	3	91.9	82.16	124.37	11	0	a							30	
UNI_S-1900	678285600118	3	17.73	15.94	23.7	11	0	a							30	
UNI_C-9410	678285190060	3	56.29	50.36	76.03	11	0	a							30	
UNI_UHD-SR135	678285190305	3	97.54	87.2	132.02	11	0	a							30	
UNI_C-9415	678285190077	3	73.84	66.04	99.86	11	0	a							30	
UNI_C-6405	678285160025	3	48.74	43.63	65.79	11	0	a							30	
UNI_6CH-941	678285260107	3	24.65	22.11	33.09	11	0	a							30	
UNI_6CH-940	678285260091	3	23.4	21.0	31.4	11	0	a							30	
UNI_6CH-942	678285260114	3	32.92	29.5	44.32	11	0	a							30	
UNI_8CH-60	678285280013	3	58.79	52.6	79.43	11	0	a							30	
UNI_SC3-SR70	678285190343	3	54.87	49.1	74.11	11	0	a							30	
UNI_C-5431	678285150200	3	23.95	21.49	32.14	11	0	a							30	
UNI_7CH-322	678285270021	3	22.94	20.59	30.77	11	0	a							30	
UNI_SC3-SR100	678285190350	3	74.26	66.41	100.43	11	0	a							30	
UNI_C-7330	678285171083	3	21.13	18.98	28.32	11	0	a							30	
UNI_C-4315	678285140706	3	17.18	15.45	22.96	11	0	a							30	
UNI_FG-1224	678285300117	3	9.08	8.21	11.96	11	0	a							30	
UNI_C-4345	678285140232	3	33.12	29.68	44.59	11	0	a							30	
UNI_C-4346	678285140249	3	26.65	23.9	35.81	11	0	a							30	
UNI_C-4347	678285140256	3	32.16	28.83	43.29	11	0	a							30	
UNI_C-4340	678285140225	3	18.02	16.2	24.1	11	0	a							30	
UNI_C-7425	678285170215	3	21.96	19.71	29.44	11	0	a							30	
UNI_C-7427	678285170222	3	22.21	19.94	29.79	11	0	a							30	
UNI_S-0110	678285600019	3	11.25	10.15	14.91	11	0	a							30	
UNI_8CH-66	678285280020	3	43.81	39.22	59.1	11	0	a							30	
UNI_C-7610	678285170710	3	32.49	29.11	43.73	11	0	a							30	
UNI_C-8475	678285180160	3	34.87	31.24	46.96	11	0	a							30	
UNI_7CH-50	678285270052	3	39.08	35.0	52.68	11	0	a							30	
UNI_S-7160	678285600248	3	13.67	12.31	18.2	11	0	a							30	
UNI_7CH-40	678285270038	3	35.17	31.51	47.38	11	0	a							30	
UNI_C-7685	678285171199	3	54.87	49.1	74.11	11	0	a							30	
UNI_C-4440	678285140362	3	27.0	24.21	36.28	11	0	a							30	
UNI_C-7680	678285170956	3	58.95	52.74	79.64	11	0	a							30	
UNI_C-4449	678285140379	3	24.95	22.39	33.51	11	0	a							30	
UNI_C-9422	678285190398	3	159.38	142.41	215.95	11	0	a							30	
UNI_C-9421	678285190381	3	134.39	120.1	182.03	11	0	a							30	
UNI_6CH-47	678285260053	3	23.2	20.82	31.13	11	0	a							30	
UNI_6CH-45	678285260046	3	27.6	24.75	37.1	11	0	a							30	
UNI_C-3302	678285130035	3	3.74	3.45	4.72	11	0	a							30	
UNI_C-6900	678285160292	3	104.45	93.36	141.39	11	0	a							30	
UNI_UHD-SR70	678285190282	3	44.44	39.79	59.96	11	0	a							30	
UNI_C-5349	678285150071	3	38.73	34.69	52.2	11	0	a							30	
UNI_C-5346	678285150064	3	24.58	22.05	33.0	11	0	a							30	
UNI_C-5402	678285150149	3	21.97	19.73	29.46	11	0	a							30	
UNI_C-5404	678285150156	3	38.69	34.65	52.15	11	0	a							30	
UNI_C-5405	678285150163	3	39.77	35.61	53.61	11	0	a							30	
UNI_C-4625	678285140515	3	17.58	15.8	23.5	11	0	a							30	
UNI_C-8600	678285180177	3	45.0	40.29	60.72	11	0	a							30	
UNI_C-6622	678285160193	3	33.41	29.94	44.98	11	0	a							30	
UNI_7CH-502	678285270069	3	39.08	35.0	52.68	11	0	a							30	
UNI_S-0160	678285600064	3	13.67	12.31	18.2	11	0	a							30	
UNI_C-6475	678285160094	3	40.27	36.06	54.3	11	0	a							30	
UNI_FG-1260	678285300148	3	17.95	16.14	24.01	11	0	a							30	
UNI_C-7460	678285170383	3	39.91	35.74	53.8	11	0	a							30	
UNI_C-4301	678285140010	3	21.92	19.68	29.39	11	0	a							30	
UNI_C-4302	678285140027	3	11.6	10.46	15.38	11	0	a							30	
UNI_FG-1060	678285300094	3	20.88	18.75	27.98	11	0	a							30	
UNI_C-4304	678285140041	3	8.25	7.47	10.84	11	0	a							30	
UNI_C-4305	678285140058	3	30.96	27.75	41.66	11	0	a							30	
UNI_C-4306	678285140065	3	8.28	7.5	10.88	11	0	a							30	
UNI_C-4309	678285140089	3	7.9	7.16	10.37	11	0	a							30	
UNI_5CH-752	678285250054	3	41.82	37.45	56.4	11	0	a							30	
UNI_SC3-SR135	678285190367	3	92.11	82.35	124.65	11	0	a							30	
UNI_SC3-SR137	678285190374	3	92.11	82.35	124.65	11	0	a							30	
UNI_C-7487	678285170574	3	48.29	43.23	65.18	11	0	a							30	
UNI_C-7482	678285171076	3	66.77	59.72	90.26	11	0	a							30	
UNI_C-7483	678285171120	3	38.28	34.29	51.6	11	0	a							30	
UNI_C-7480	678285170550	3	48.77	43.65	65.83	11	0	a							30	
UNI_C-7488	678285171137	3	68.21	61.01	92.22	11	0	a							30	
UNI_C-7489	678285171144	3	52.24	46.75	70.54	11	0	a							30	
UNI_C-4405	678285140317	3	28.05	25.15	37.71	11	0	a							30	
UNI_C-4403	678285140300	3	23.64	21.21	31.72	11	0	a							30	
UNI_C-4402	678285140294	3	23.26	20.88	31.21	11	0	a							30	
UNI_C-4401	678285140287	3	24.09	21.61	32.33	11	0	a							30	
UNI_C-7370	678285171045	3	40.16	35.96	54.14	11	0	a							30	
UNI_C-7479	678285170543	3	36.56	32.75	49.26	11	0	a							30	
UNI_C-7478	678285170536	3	62.89	56.26	85.0	11	0	a							30	
UNI_C-7375	678285171106	3	46.47	41.6	62.71	11	0	a							30	
UNI_C-7473	678285170482	3	62.81	56.19	84.88	11	0	a							30	
UNI_C-7472	678285170475	3	64.25	57.48	86.84	11	0	a							30	
UNI_C-7471	678285170468	3	56.2	50.29	75.92	11	0	a							30	
UNI_C-7470	678285170451	3	45.97	41.15	62.03	11	0	a							30	
UNI_C-7477	678285170529	3	48.35	43.27	65.26	11	0	a							30	
UNI_C-7476	678285170512	3	52.07	46.6	70.31	11	0	a							30	
UNI_C-7475	678285170505	3	62.81	56.19	84.88	11	0	a							30	
UNI_C-7474	678285170499	3	50.31	45.02	67.92	11	0	a							30	
