sku	product-id	product-id-type	price	minimum-seller-allowed-price	maximum-seller-allowed-price	item-condition	quantity	add-delete	will-ship-internationally	expedited-shipping	standard-plus	item-note	fulfillment-center-id	product-tax-code	leadtime-to-ship	merchant_shipping_group_name
WAT_212-1507S	806105198938	3	5.3	4.84	6.83	11	0	a							30	
WAT_520-1700	806105097866	3	412.52	368.43	559.49	11	0	a							30	
WAT_3410413-2014	806105068026	3	242.19	216.35	328.33	11	0	a							30	
WAT_212-8010B	806105319746	3	8.46	7.66	11.13	11	0	a							30	
WAT_212-8010G	806105259844	3	12.68	11.43	16.85	11	0	a							30	
WAT_560-C3C67L	806105101051	3	37.96	34.0	51.16	11	0	a							30	
WAT_560-COA67S	806105100948	3	32.78	29.38	44.13	11	0	a							30	
WAT_224-1001G	806105265487	3	5.55	5.06	7.18	11	0	a							30	
WAT_215-9171B	806105045867	3	3.44	3.17	4.31	11	0	a							30	
WAT_3420610-2041	806105072108	3	252.36	225.42	342.13	11	0	a							30	
WAT_640-2130V	806105396501	3	47.86	42.84	64.59	11	0	a							30	
WAT_210-4390	806105376732	3	31.39	28.14	42.25	11	0	a							30	
WAT_660-3567B	806105219060	3	21.9	19.66	29.37	11	0	a							30	
WAT_425-5071	806105489562	3	3.7	3.41	4.67	11	0	a							30	
WAT_3721621-13	806105077387	3	311.97	278.65	423.03	11	0	a							30	
WAT_640-2320	806105108371	3	36.56	32.75	49.26	11	0	a							30	
WAT_212-7907B	806105319753	3	5.65	5.15	7.31	11	0	a							30	
WAT_532-2019B-DK	806105098283	3	32.05	28.73	43.14	11	0	a							30	
WAT_SG5205037-6S	806105427878	3	598.69	534.65	812.15	11	0	a							30	
WAT_224-1041	806105060822	3	7.08	6.42	9.25	11	0	a							30	
WAT_224-1040	806105060808	3	7.08	6.42	9.25	11	0	a							30	
WAT_540-6479WW-D	806105098849	3	11.44	10.32	15.17	11	0	a							30	
WAT_540-6479WW-B	806105098832	3	11.44	10.32	15.17	11	0	a							30	
WAT_224-1047	806105060860	3	7.08	6.42	9.25	11	0	a							30	
WAT_540-6010	806105098436	3	8.41	7.61	11.05	11	0	a							30	
WAT_228-6710	806105480118	3	4.6	4.21	5.88	11	0	a							30	
WAT_229-7617G	806105489050	3	10.44	9.43	13.81	11	0	a							30	
WAT_540-8500	806105099228	3	125.68	112.33	170.21	11	0	a							30	
WAT_540-8507	806105099235	3	129.67	115.89	175.63	11	0	a							30	
WAT_411-9131	806105448132	3	2.41	2.26	2.92	11	0	a							30	
WAT_411-9130	806105083883	3	2.37	2.23	2.86	11	0	a							30	
WAT_5700425-07	806105312969	3	730.4	652.25	990.9	11	0	a							30	
WAT_212-3350	806105191618	3	7.4	6.71	9.68	11	0	a							30	
WAT_215-9179-DKG	806105045966	3	3.16	2.92	3.93	11	0	a							30	
WAT_705-0250D	806105123749	3	134.92	120.57	182.75	11	0	a							30	
WAT_3721621-1W	806105371188	3	291.25	260.15	394.91	11	0	a							30	
WAT_3721621-1V	806105382054	3	346.56	309.54	469.98	11	0	a							30	
WAT_640-3637	806105110671	3	21.59	19.39	28.95	11	0	a							30	
WAT_215-9890	806105046802	3	4.02	3.7	5.1	11	0	a							30	
WAT_215-9891	806105046819	3	4.3	3.95	5.48	11	0	a							30	
WAT_215-9897	806105046826	3	4.3	3.95	5.48	11	0	a							30	
WAT_PH1150-6R	806105180179	3	209.14	186.84	283.47	11	0	a							30	
WAT_313-1400	806105064301	3	1.5	1.45	1.68	11	0	a							30	
WAT_805-0215	806105129574	3	2.32	2.17	2.79	11	0	a							30	
WAT_319-2160	806105065384	3	21.09	18.94	28.27	11	0	a							30	
WAT_SGPH2150-3	806105433091	3	319.29	285.19	432.97	11	0	a							30	
WAT_SGPH2150-6	806105433114	3	319.29	285.19	432.97	11	0	a							30	
WAT_3421221-1A	806105074423	3	257.48	230.0	349.08	11	0	a							30	
WAT_400-5081-2B	806105334602	3	13.25	11.94	17.63	11	0	a							30	
WAT_3421221-1U	806105361516	3	257.48	230.0	349.08	11	0	a							30	
WAT_640-4760V	806105378118	3	364.52	325.58	494.35	11	0	a							30	
WAT_212-8121G-DK	806105266101	3	12.7	11.45	16.88	11	0	a							30	
WAT_PSP2100-3R	806105261694	3	317.01	283.15	429.87	11	0	a							30	
WAT_310-1140SDB	806105196569	3	52.14	46.66	70.41	11	0	a							30	
WAT_212-8031G-DK	806105266095	3	12.7	11.45	16.88	11	0	a							30	
WAT_310-1141	806105061683	3	49.87	44.64	67.33	11	0	a							30	
WAT_550-4270	806105210791	3	26.87	24.1	36.11	11	0	a							30	
WAT_640-1327V	806105407054	3	281.8	251.71	382.08	11	0	a							30	
WAT_672-4270	806105119827	3	4.26	3.91	5.43	11	0	a							30	
WAT_700-3202-38O	806105490155	3	117.51	105.03	159.12	11	0	a							30	
WAT_400-9299-DKG	806105078384	3	3.53	3.26	4.44	11	0	a							30	
WAT_310-1890	806105062680	3	51.83	46.39	69.99	11	0	a							30	
WAT_215-9897B	806105196354	3	4.63	4.24	5.92	11	0	a							30	
WAT_SG5225337-3S	806105427793	3	488.56	436.32	662.69	11	0	a							30	
WAT_672-2610	806105350374	3	24.1	21.63	32.35	11	0	a							30	
WAT_400-1419EB-DKG	806105258991	3	3.67	3.39	4.63	11	0	a							30	
WAT_212-1207	806105029416	3	4.64	4.25	5.94	11	0	a							30	
WAT_PH1200-6R	806105180308	3	345.19	308.31	468.12	11	0	a							30	
WAT_310-1130SD	806105061577	3	51.83	46.39	69.99	11	0	a							30	
WAT_3420620-1A	806105072740	3	251.63	224.78	341.14	11	0	a							30	
WAT_711-6400	806105124920	3	4.77	4.36	6.11	11	0	a							30	
WAT_640-8607 V	806105483102	3	23.29	20.9	31.25	11	0	a							30	
WAT_542-3240B	806105197672	3	7.15	6.49	9.34	11	0	a							30	
WAT_672-4580	806105120250	3	2.96	2.75	3.66	11	0	a							30	
WAT_319-1370	806105065322	3	3.76	3.46	4.74	11	0	a							30	
WAT_417-5020	806105085573	3	2.75	2.56	3.38	11	0	a							30	
WAT_210-6080B	255932100001	3	6.52	5.92	8.49	11	0	a							30	
WAT_110-0100	806105380319	3	1.1	1.09	1.13	11	0	a							30	
WAT_212-6647	806105032676	3	8.18	7.41	10.75	11	0	a							30	
WAT_711-4050	806105124616	3	1.28	1.25	1.38	11	0	a							30	
WAT_212-6640	806105032645	3	8.18	7.41	10.75	11	0	a							30	
WAT_602-5301	806105233295	3	3.11	2.89	3.87	11	0	a							30	
WAT_715-9930	806105350480	3	2.46	2.3	2.98	11	0	a							30	
WAT_310-4060	806105248596	3	12.63	11.39	16.79	11	0	a							30	
WAT_417-5050	806105085610	3	1.98	1.88	2.33	11	0	a							30	
WAT_400-1427E	806105080714	3	3.67	3.39	4.63	11	0	a							30	
WAT_400-1427D	806105080691	3	3.67	3.39	4.63	11	0	a							30	
WAT_218-1430	806105051684	3	4.02	3.7	5.1	11	0	a							30	
WAT_400-1427A	806105080684	3	3.91	3.6	4.95	11	0	a							30	
WAT_229-3281S	806105476128	3	15.15	13.64	20.21	11	0	a							30	
WAT_CLBA012	806105161383	3	98.08	87.68	132.75	11	0	a							30	
WAT_SG5205347-6S	806105427779	3	622.56	555.96	844.54	11	0	a							30	
WAT_210-3701B	806105264428	3	10.23	9.24	13.52	11	0	a							30	
WAT_550-4250	806105207807	3	16.65	14.97	22.24	11	0	a							30	
WAT_400-9151	806105082411	3	5.24	4.79	6.76	11	0	a							30	
WAT_711-4000B	806105225047	3	1.55	1.49	1.74	11	0	a							30	
WAT_3420620-15	806105072702	3	218.2	194.92	295.77	11	0	a							30	
WAT_3711221-1D	806105075963	3	286.25	255.69	388.13	11	0	a							30	
WAT_212-1520S	806105226198	3	5.91	5.39	7.67	11	0	a							30	
WAT_520-4030	806105098139	3	307.59	274.74	417.08	11	0	a							30	
WAT_640-9000	806105498434	3	14.96	13.46	19.94	11	0	a							30	
WAT_212-7741S	806105034021	3	18.5	16.63	24.75	11	0	a							30	
WAT_640-4720V	806105367648	3	62.98	56.34	85.11	11	0	a							30	
WAT_311-1220	806105063946	3	20.47	18.39	27.43	11	0	a							30	
WAT_417-6150	806105086167	3	2.22	2.09	2.65	11	0	a							30	
WAT_BS5205160-6S	806105435088	3	534.92	477.71	725.6	11	0	a							30	
WAT_711-4300	806105124647	3	4.7	4.3	6.02	11	0	a							30	
WAT_519-6567	806105246264	3	6.36	5.79	8.28	11	0	a							30	
WAT_212-1020	806105029232	3	4.64	4.25	5.94	11	0	a							30	
WAT_519-6560	806105239273	3	6.36	5.79	8.28	11	0	a							30	
WAT_640-4791 V	806105452931	3	37.34	33.45	50.32	11	0	a							30	
WAT_560-D0C67S	806105101150	3	25.33	22.72	34.02	11	0	a							30	
WAT_700-3102-38X	806105489913	3	100.29	89.65	135.75	11	0	a							30	
WAT_210-6097B	806105195739	3	14.23	12.81	18.95	11	0	a							30	
WAT_805-0252	806105129697	3	2.96	2.75	3.66	11	0	a							30	
WAT_640-4799-DKG V	806105453457	3	37.34	33.45	50.32	11	0	a							30	
WAT_640-1907 V	806105453358	3	18.79	16.89	25.15	11	0	a							30	
WAT_3421821	806105074904	3	257.76	230.25	349.46	11	0	a							30	
WAT_120-0160	806105334275	3	4.99	4.56	6.42	11	0	a							30	
WAT_400-9390B	806105256881	3	6.74	6.13	8.79	11	0	a							30	
WAT_519-7361	806105097231	3	4.78	4.38	6.13	11	0	a							30	
WAT_550-1811	806105099808	3	24.52	22.0	32.92	11	0	a							30	
WAT_520-1601	806105421784	3	243.94	217.91	330.71	11	0	a							30	
WAT_3312610-14	806105065902	3	133.02	118.88	180.17	11	0	a							30	
WAT_5700060-07	806105313003	3	748.6	668.5	1015.6	11	0	a							30	
WAT_560-C0C60S	806105100955	3	28.5	25.55	38.32	11	0	a							30	
WAT_640-8210 V	806105432742	3	22.9	20.55	30.72	11	0	a							30	
WAT_519-6480	806105096500	3	9.29	8.4	12.25	11	0	a							30	
WAT_3410310-15	806105066787	3	165.53	147.9	224.29	11	0	a							30	
WAT_ECONOVSA-165	806105506108	3	755.84	674.96	1025.42	11	0	a							30	
WAT_500-1021	806105087652	3	15.28	13.75	20.38	11	0	a							30	
WAT_400-6650	806105082299	3	2.4	2.25	2.9	11	0	a							30	
WAT_215-1171	806105481313	3	3.09	2.86	3.83	11	0	a							30	
WAT_215-1170	806105456304	3	3.09	2.86	3.83	11	0	a							30	
WAT_218-1890A	806105332400	3	11.14	10.05	14.76	11	0	a							30	
WAT_411-9100	806105083852	3	2.2	2.08	2.63	11	0	a							30	
WAT_660-3407	806105240774	3	6.46	5.88	8.41	11	0	a							30	
WAT_642-3630V	806105366382	3	9.43	8.52	12.44	11	0	a							30	
WAT_660-3400	806105115799	3	6.46	5.88	8.41	11	0	a							30	
WAT_215-1197	806105469946	3	3.09	2.86	3.83	11	0	a							30	
WAT_212-3340	806105030214	3	7.4	6.71	9.68	11	0	a							30	
WAT_215-1191	806105469939	3	3.09	2.86	3.83	11	0	a							30	
WAT_215-1190	806105451408	3	3.09	2.86	3.83	11	0	a							30	
WAT_519-4320	806105195265	3	15.29	13.76	20.4	11	0	a							30	
WAT_502-9910	806105088604	3	102.93	92.01	139.34	11	0	a							30	
WAT_BS5225160-6S	806105435163	3	577.63	515.85	783.57	11	0	a							30	
WAT_212-4700B	806105218971	3	2.82	2.63	3.47	11	0	a							30	
WAT_711-6090	806105124913	3	1.25	1.23	1.34	11	0	a							30	
WAT_805-0207	806105249364	3	4.42	4.05	5.64	11	0	a							30	
WAT_805-0206	806105200969	3	1.27	1.24	1.36	11	0	a							30	
WAT_429-2010	806105087065	3	3.66	3.38	4.61	11	0	a							30	
WAT_319-2170	806105065407	3	21.09	18.94	28.27	11	0	a							30	
WAT_310-1160SDB	806105196705	3	52.14	46.66	70.41	11	0	a							30	
WAT_505-3010	806105186416	3	10.14	9.16	13.41	11	0	a							30	
SUP_315-8300	806105493750	3	94.39	84.39	127.75	11	0	a							30	
WAT_SGPH2150-6R	806105433121	3	319.29	285.19	432.97	11	0	a							30	
WAT_212-4517	806105030955	3	43.03	38.52	58.04	11	0	a							30	
WAT_210-3410G	806105327253	3	133.19	119.03	180.4	11	0	a							30	
WAT_545-8507	806105315588	3	153.67	137.31	208.19	11	0	a							30	
WAT_400-9189-BEI	806105265197	3	3.76	3.46	4.74	11	0	a							30	
WAT_545-8500	806105315571	3	147.23	131.56	199.46	11	0	a							30	
WAT_310-5120	806105063472	3	12.63	11.39	16.79	11	0	a							30	
WAT_210-5100	806105326164	3	271.73	242.72	368.42	11	0	a							30	
WAT_210-3400	806105018694	3	15.56	14.0	20.76	11	0	a							30	
WAT_805-0448	806105244048	3	8.92	8.07	11.75	11	0	a							30	
WAT_400-9187B	806105198082	3	4.72	4.33	6.05	11	0	a							30	
WAT_805-0339	806105194732	3	4.14	3.8	5.26	11	0	a							30	
WAT_310-1880	806105062673	3	51.83	46.39	69.99	11	0	a							30	
WAT_805-0330	806105267610	3	1.39	1.35	1.53	11	0	a							30	
WAT_640-4779-BEI V	806105452993	3	201.93	180.4	273.69	11	0	a							30	
WAT_413-2320	806105331045	3	8.99	8.14	11.85	11	0	a							30	
WAT_212-6651	806105032720	3	12.66	11.41	16.83	11	0	a							30	
WAT_CAG004-W	806105226761	3	58.36	52.21	78.84	11	0	a							30	
WAT_212-8251G	806105260000	3	11.04	9.96	14.62	11	0	a							30	
WAT_229-8011-DK	806105482730	3	8.21	7.44	10.79	11	0	a							30	
WAT_215-9171	806105045850	3	3.16	2.92	3.93	11	0	a							30	
WAT_215-9170	806105045836	3	2.96	2.75	3.66	11	0	a							30	
WAT_519-4057	806105095299	3	6.82	6.2	8.9	11	0	a							30	
WAT_210-8757	806105025920	3	6.19	5.64	8.05	11	0	a							30	
SUP_311-8300	806105493590	3	88.18	78.84	119.31	11	0	a							30	
WAT_540-5340-9B	806105381422	3	106.94	95.59	144.77	11	0	a							30	
WAT_400-1960	806105080929	3	3.02	2.8	3.74	11	0	a							30	
WAT_210-6081-DKG	806105021519	3	6.19	5.64	8.05	11	0	a							30	
WAT_429-3010	806105209207	3	2.11	1.99	2.5	11	0	a							30	
WAT_417-4010	806105085306	3	2.12	2.0	2.52	11	0	a							30	
WAT_519-2900	806105094414	3	6.1	5.55	7.92	11	0	a							30	
WAT_SG5205327-6S	806105433206	3	431.12	385.04	584.74	11	0	a							30	
WAT_310-4090	806105388643	3	12.63	11.39	16.79	11	0	a							30	
WAT_400-9150B	806105082404	3	5.38	4.91	6.95	11	0	a							30	
WAT_830-4000SS	806105281616	3	11.98	10.8	15.9	11	0	a							30	
WAT_229-8191	806105479198	3	6.73	6.11	8.77	11	0	a							30	
WAT_229-8190	806105487018	3	6.73	6.11	8.77	11	0	a							30	
WAT_600-0401	806105355782	3	50.39	45.1	68.03	11	0	a							30	
WAT_916-1250	806105149664	3	3.7	3.41	4.67	11	0	a							30	
WAT_SG5225147-6S	806105427977	3	510.53	455.94	692.5	11	0	a							30	
WAT_SG5225347-6S	806105427854	3	537.33	479.86	728.87	11	0	a							30	
WAT_519-6719-BEI	806105096968	3	8.28	7.5	10.88	11	0	a							30	
WAT_310-4070	806105248602	3	12.63	11.39	16.79	11	0	a							30	
WAT_210-8757B	806105025937	3	6.52	5.92	8.49	11	0	a							30	
WAT_210-6090B	255932200008	3	14.23	12.81	18.95	11	0	a							30	
WAT_210-6700B	806105195807	3	15.42	13.88	20.57	11	0	a							30	
WAT_535-2209-RDW	806105425478	3	63.9	57.16	86.37	11	0	a							30	
WAT_421-5000	806105086723	3	2.95	2.74	3.64	11	0	a							30	
WAT_711-4010B	806105225054	3	1.59	1.52	1.8	11	0	a							30	
WAT_417-4161	806105085467	3	3.09	2.86	3.83	11	0	a							30	
WAT_212-0850	806105029195	3	3.18	2.95	3.96	11	0	a							30	
WAT_229-8129-DSG	806105473639	3	8.21	7.44	10.79	11	0	a							30	
WAT_210-6717B	806105195845	3	15.42	13.88	20.57	11	0	a							30	
WAT_640-4797 V	806105452948	3	37.34	33.45	50.32	11	0	a							30	
WAT_400-1429D-DK	806105080783	3	3.67	3.39	4.63	11	0	a							30	
WAT_519-6570	806105096531	3	5.45	4.97	7.04	11	0	a							30	
WAT_519-6577	806105096555	3	11.35	10.24	15.04	11	0	a							30	
WAT_3711621-1D	806105076205	3	305.56	272.93	414.33	11	0	a							30	
WAT_540-6519-DKG	806105253309	3	116.68	104.29	158.0	11	0	a							30	
WAT_212-7927S	806105034694	3	8.85	8.01	11.66	11	0	a							30	
WAT_705-0150D	806105123671	3	118.1	105.55	159.92	11	0	a							30	
WAT_715-1201	806105125316	3	2.05	1.94	2.42	11	0	a							30	
WAT_3312610-1401	806105065919	3	162.81	145.47	220.6	11	0	a							30	
WAT_3312610-1403	806105065926	3	162.81	145.47	220.6	11	0	a							30	
WAT_640-3571V	806105367204	3	17.59	15.81	23.52	11	0	a							30	
WAT_SG5225187-3S	806105433244	3	553.64	494.43	751.01	11	0	a							30	
WAT_600-2100	806105101846	3	7.73	7.01	10.14	11	0	a							30	
WAT_550-9957	806105100856	3	10.42	9.41	13.79	11	0	a							30	
WAT_PH2150-3R	806105180490	3	281.9	251.8	382.22	11	0	a							30	
WAT_210-6091-BLK	806105021670	3	20.11	18.06	26.94	11	0	a							30	
WAT_550-1801	806105099792	3	20.61	18.51	27.62	11	0	a							30	
WAT_640-4790 V	806105452924	3	37.34	33.45	50.32	11	0	a							30	
WAT_3711621-13	806105076175	3	305.56	272.93	414.33	11	0	a							30	
WAT_217-1060	806105048288	3	2.22	2.09	2.65	11	0	a							30	
WAT_SG5225167-6S	806105427991	3	553.72	494.5	751.12	11	0	a							30	
WAT_229-8589-DSGS	806105509932	3	25.37	22.76	34.08	11	0	a							30	
WAT_PCCF-125	806105242365	3	367.25	328.01	498.06	11	0	a							30	
WAT_417-6140	806105086136	3	2.22	2.09	2.65	11	0	a							30	
WAT_210-6807	806105023711	3	57.1	51.09	77.13	11	0	a							30	
WAT_400-6621	806105414748	3	2.19	2.06	2.62	11	0	a							30	
WAT_500-5000	806105087973	3	82.1	73.41	111.07	11	0	a							30	
WAT_560-D0A60S	806105101105	3	27.38	24.55	36.8	11	0	a							30	
WAT_210-5910	806105021014	3	6.19	5.64	8.05	11	0	a							30	
WAT_640-7610 V	806105457134	3	71.25	63.73	96.34	11	0	a							30	
WAT_411-9110	806105083869	3	2.2	2.08	2.63	11	0	a							30	
WAT_600-4407	806105323286	3	11.91	10.74	15.8	11	0	a							30	
WAT_510-9007	806105091949	3	101.72	90.92	137.69	11	0	a							30	
WAT_3721621-1D	806105077462	3	291.25	260.15	394.91	11	0	a							30	
WAT_210-9790	806105026224	3	6.19	5.64	8.05	11	0	a							30	
WAT_3420310-1G	806105403094	3	223.5	199.66	302.97	11	0	a							30	
WAT_210-9797	806105192691	3	6.19	5.64	8.05	11	0	a							30	
WAT_229-7637G	806105496607	3	8.21	7.44	10.79	11	0	a							30	
WAT_310-1500	806105062307	3	51.83	46.39	69.99	11	0	a							30	
WAT_PH1100BD-6	806105447340	3	195.92	175.04	265.54	11	0	a							30	
WAT_429-2000	806105087058	3	3.53	3.26	4.44	11	0	a							30	
WAT_502-7500	806105211521	3	131.9	117.88	178.65	11	0	a							30	
WAT_411-9200	806105350794	3	4.39	4.03	5.6	11	0	a							30	
WAT_212-8127B	806105468321	3	8.5	7.7	11.18	11	0	a							30	
WAT_212-8127G	806105259899	3	12.68	11.43	16.85	11	0	a							30	
WAT_540-6719-BEI	806105232212	3	10.06	9.09	13.29	11	0	a							30	
WAT_545-8530	806105185846	3	225.98	201.88	306.33	11	0	a							30	
WAT_545-8537	806105251152	3	235.91	210.74	319.8	11	0	a							30	
WAT_310-5130	806105063489	3	12.63	11.39	16.79	11	0	a							30	
WAT_400-1417EB	806105080264	3	3.37	3.11	4.21	11	0	a							30	
WAT_540-6419-BEI	806105098559	3	58.34	52.2	78.82	11	0	a							30	
WAT_CLC012	806105161420	3	68.65	61.4	92.81	11	0	a							30	
WAT_540-6479WWB	806105098832	3	17.38	15.63	23.23	11	0	a							30	
WAT_520-3040	806105098085	3	None	None	None	11	0	a							30	
WAT_5700525-07	806105312976	3	932.04	832.29	1264.56	11	0	a							30	
WAT_741-CGGZ-67R	806105128287	3	17.52	15.75	23.42	11	0	a							30	
WAT_550-9000	806105100672	3	11.65	10.51	15.46	11	0	a							30	
WAT_520-1608-6	806105354969	3	334.89	299.11	454.13	11	0	a							30	
SUP_672-1380	806105490971	3	None	None	None	11	0	a							30	
WAT_BS5225320-6S	806105434968	3	498.77	445.44	676.55	11	0	a							30	
WAT_218-1790	806105258731	3	4.84	4.43	6.21	11	0	a							30	
WAT_210-8751	806105025890	3	6.19	5.64	8.05	11	0	a							30	
WAT_210-8750	806105025876	3	6.19	5.64	8.05	11	0	a							30	
WAT_805-0238	806105129659	3	2.44	2.29	2.96	11	0	a							30	
WAT_805-0239	806105129666	3	1.62	1.55	1.84	11	0	a							30	
WAT_805-0232	806105129635	3	1.52	1.46	1.7	11	0	a							30	
WAT_212-7000B	806105196156	3	117.03	104.6	158.47	11	0	a							30	
WAT_400-5090	806105081810	3	6.17	5.61	8.01	11	0	a							30	
WAT_400-1970	806105080936	3	2.74	2.55	3.36	11	0	a							30	
WAT_SGPH1150-6R	806105433046	3	263.99	235.81	357.91	11	0	a							30	
WAT_672-4630	806105120304	3	9.62	8.7	12.7	11	0	a							30	
WAT_210-3300	806105018496	3	10.39	9.39	13.75	11	0	a							30	
WAT_3722021-1D	806105078711	3	330.62	295.3	448.34	11	0	a							30	
WAT_310-5400	806105063540	3	36.91	33.06	49.73	11	0	a							30	
WAT_319-3230	806105065643	3	8.28	7.5	10.88	11	0	a							30	
WAT_640-3280V	806105379320	3	21.3	19.13	28.55	11	0	a							30	
WAT_550-9951	806105100849	3	10.42	9.41	13.79	11	0	a							30	
WAT_550-9950	806105100832	3	10.42	9.41	13.79	11	0	a							30	
WAT_PH1100-3R	806105179975	3	199.53	178.26	270.44	11	0	a							30	
WAT_3410020-1E	806105066381	3	142.62	127.45	193.2	11	0	a							30	
WAT_660-3400B	806105197269	3	6.77	6.15	8.83	11	0	a							30	
WAT_229-1110	806105469083	3	9.93	8.97	13.12	11	0	a							30	
WAT_229-1111	806105478337	3	9.93	8.97	13.12	11	0	a							30	
WAT_640-4740V	806105367693	3	65.06	58.2	87.94	11	0	a							30	
WAT_229-1117	806105482310	3	9.93	8.97	13.12	11	0	a							30	
WAT_212-8407	806105036018	3	2.78	2.59	3.41	11	0	a							30	
WAT_640-2347	806105108500	3	16.78	15.09	22.41	11	0	a							30	
WAT_640-2341	806105108487	3	16.78	15.09	22.41	11	0	a							30	
WAT_212-7951S	806105034977	3	11.02	9.95	14.6	11	0	a							30	
WAT_602-0201	806105245601	3	4.75	4.35	6.09	11	0	a							30	
WAT_535-2209-MOC	806105535450	3	77.71	69.49	105.1	11	0	a							30	
WAT_212-7740L-SS	806105229359	3	37.19	33.31	50.12	11	0	a							30	
WAT_212-7630G	806105033574	3	10.37	9.36	13.71	11	0	a							30	
WAT_311-1400	806105063960	3	41.01	36.72	55.3	11	0	a							30	
WAT_3722021-13	806105078667	3	354.16	316.32	480.29	11	0	a							30	
WAT_400-9170	806105082497	3	5.05	4.61	6.49	11	0	a							30	
WAT_212-8081	806105035592	3	7.1	6.45	9.28	11	0	a							30	
WAT_PSP1150-UL	806105263742	3	289.04	258.18	391.91	11	0	a							30	
WAT_212-8087	806105035608	3	7.1	6.45	9.28	11	0	a							30	
WAT_400-9177	806105082541	3	5.24	4.79	6.76	11	0	a							30	
WAT_417-5171	806105415066	3	2.5	2.34	3.03	11	0	a							30	
WAT_212-7630S	806105212474	3	14.01	12.61	18.65	11	0	a							30	
WAT_643-3581V	806105373809	3	6.18	5.63	8.03	11	0	a							30	
WAT_212-1267	806105029669	3	7.08	6.42	9.25	11	0	a							30	
WAT_600-3067	806105102089	3	16.15	14.53	21.56	11	0	a							30	
WAT_SG5205337-6S	806105427731	3	556.7	497.16	755.17	11	0	a							30	
WAT_600-7030	806105102744	3	26.58	23.84	35.71	11	0	a							30	
WAT_520-5320-6S	806105248732	3	385.24	344.07	522.47	11	0	a							30	
WAT_640-1000V	806105368263	3	None	None	None	11	0	a							30	
WAT_640-2900	806105109460	3	6.24	5.68	8.11	11	0	a							30	
WAT_640-2907	806105109484	3	6.67	6.06	8.7	11	0	a							30	
WAT_310-2980	806105406859	3	55.14	49.34	74.47	11	0	a							30	
WAT_310-1910	806105062710	3	51.83	46.39	69.99	11	0	a							30	
WAT_550-9959-BEI	806105100863	3	10.42	9.41	13.79	11	0	a							30	
WAT_711-4030	806105124593	3	1.32	1.29	1.44	11	0	a							30	
WAT_212-6667	806105032799	3	8.18	7.41	10.75	11	0	a							30	
WAT_675-0457	080610531397	3	51.34	45.95	69.32	11	0	a							30	
WAT_212-8270G	806105260024	3	11.04	9.96	14.62	11	0	a							30	
WAT_ECONO-VSA	806105450012	3	1080.55	964.89	1466.11	11	0	a							30	
WAT_670-2210	806105118110	3	5.35	4.89	6.91	11	0	a							30	
WAT_519-9557	806105097712	3	34.31	30.74	46.2	11	0	a							30	
WAT_210-6091B	806105195722	3	14.23	12.81	18.95	11	0	a							30	
WAT_212-8581-DSG7G	806105294272	3	22.7	20.38	30.45	11	0	a							30	
WAT_400-1410C	806105080004	3	2.62	2.45	3.2	11	0	a							30	
WAT_400-1410A	806105079954	3	2.88	2.67	3.55	11	0	a							30	
WAT_3410413-2041	806105068033	3	242.19	216.35	328.33	11	0	a							30	
SUP_805-0112	806105129345	3	1.21	1.19	1.29	11	0	a							30	
WAT_400-1410E	806105080042	3	2.62	2.45	3.2	11	0	a							30	
WAT_400-1410D	806105080028	3	2.62	2.45	3.2	11	0	a							30	
WAT_3420612-1524	806105072337	3	318.38	284.38	431.73	11	0	a							30	
SUP_319-3290	806105513960	3	15.81	14.22	21.1	11	0	a							30	
WAT_212-7747G	806105034045	3	14.85	13.36	19.79	11	0	a							30	
WAT_FDS0441027-3BD	806105363503	3	662.88	591.96	899.26	11	0	a							30	
WAT_120-0140	806105334251	3	1.95	1.85	2.29	11	0	a							30	
WAT_120-0141	806105370433	3	1.95	1.85	2.29	11	0	a							30	
WAT_520-5240N	806105208781	3	213.65	190.86	289.59	11	0	a							30	
WAT_550-1831	806105099822	3	32.36	29.0	43.56	11	0	a							30	
WAT_600-9600	806105103048	3	47.0	42.08	63.43	11	0	a							30	
WAT_670-2320	806105118264	3	4.04	3.71	5.12	11	0	a							30	
WAT_224-1000G	806105265470	3	5.55	5.06	7.18	11	0	a							30	
WAT_224-1000B	806105196439	3	4.95	4.53	6.36	11	0	a							30	
WAT_670-2327	806105118288	3	6.38	5.8	8.3	11	0	a							30	
WAT_550-9959-DKG	806105100870	3	10.42	9.41	13.79	11	0	a							30	
WAT_400-1420D	806105080585	3	3.67	3.39	4.63	11	0	a							30	
WAT_400-1419D-DK	806105080431	3	2.82	2.63	3.47	11	0	a							30	
WAT_400-1420E	806105080608	3	3.67	3.39	4.63	11	0	a							30	
WAT_510-6550	806105211590	3	100.69	90.01	136.3	11	0	a							30	
WAT_310-1140	806105061638	3	49.87	44.64	67.33	11	0	a							30	
WAT_711-1910B	806105211439	3	8.84	8.0	11.64	11	0	a							30	
WAT_500-1000	806105087638	3	8.27	7.49	10.86	11	0	a							30	
WAT_550-4350	806105210746	3	45.84	41.04	61.86	11	0	a							30	
WAT_500-5010	806105087980	3	82.1	73.41	111.07	11	0	a							30	
WAT_640-2901	806105109477	3	6.67	6.06	8.7	11	0	a							30	
WAT_640-4280	806105111302	3	10.1	9.13	13.35	11	0	a							30	
WAT_310-6600	806105196811	3	41.88	37.5	56.48	11	0	a							30	
WAT_806-3000	806105130037	3	4.93	4.51	6.34	11	0	a							30	
WAT_519-3080	806105094612	3	8.28	7.5	10.88	11	0	a							30	
WAT_212-8040G	806105261946	3	7.09	6.44	9.26	11	0	a							30	
WAT_210-9790B	806105195906	3	11.22	10.13	14.87	11	0	a							30	
WAT_212-8040B	806105324481	3	7.38	6.7	9.66	11	0	a							30	
WAT_CHAMPS-120	806105237927	3	479.84	428.54	650.86	11	0	a							30	
WAT_640-1901 V	806105453341	3	18.79	16.89	25.15	11	0	a							30	
WAT_229-8019-DKG	806105496898	3	13.7	12.34	18.23	11	0	a							30	
WAT_415-5000	806105084903	3	2.51	2.35	3.05	11	0	a							30	
WAT_319-1420	806105241313	3	22.11	19.85	29.65	11	0	a							30	
WAT_212-8041G-DK	806105271648	3	7.09	6.44	9.26	11	0	a							30	
WAT_711-9520	806105125095	3	11.6	10.46	15.38	11	0	a							30	
WAT_212-6171S	806105529091	3	None	None	None	11	0	a							30	
WAT_210-6077B	806105195678	3	14.23	12.81	18.95	11	0	a							30	
WAT_310-5090	806105259592	3	15.55	13.99	20.74	11	0	a							30	
WAT_640-7650 V	806105457172	3	182.27	162.85	247.01	11	0	a							30	
WAT_540-6417-S	806105330482	3	58.79	52.6	79.43	11	0	a							30	
WAT_400-1360	806105304940	3	18.47	16.6	24.71	11	0	a							30	
WAT_540-8530	806105099259	3	139.12	124.32	188.45	11	0	a							30	
WAT_540-8537	806105099266	3	143.55	128.27	194.46	11	0	a							30	
WAT_315-1240	806105064936	3	19.52	17.54	26.14	11	0	a							30	
WAT_400-1417DB	806105080240	3	3.37	3.11	4.21	11	0	a							30	
WAT_660-3000B	806105225399	3	16.51	14.85	22.05	11	0	a							30	
WAT_419-4120	806105086549	3	2.46	2.3	2.98	11	0	a							30	
WAT_806-1400	806105429629	3	3.37	3.11	4.21	11	0	a							30	
WAT_711-7320	806105125064	3	2.41	2.26	2.92	11	0	a							30	
WAT_229-0030	806105481238	3	7.45	6.76	9.76	11	0	a							30	
WAT_229-0031	806105516862	3	15.34	13.8	20.46	11	0	a							30	
WAT_805-0229	806105225405	3	1.28	1.25	1.38	11	0	a							30	
WAT_805-0228	806105200952	3	1.27	1.24	1.36	11	0	a							30	
WAT_400-5080	806105081803	3	7.13	6.47	9.32	11	0	a							30	
WAT_805-0224	806105129581	3	1.24	1.21	1.32	11	0	a							30	
WAT_805-0226	806105129598	3	1.24	1.21	1.32	11	0	a							30	
WAT_540-6619-DKG	806105099006	3	78.14	69.88	105.69	11	0	a							30	
WAT_672-4620	806105120298	3	4.92	4.5	6.32	11	0	a							30	
WAT_210-3330	806105018502	3	2.74	2.55	3.36	11	0	a							30	
WAT_640-2340	806105108470	3	16.78	15.09	22.41	11	0	a							30	
WAT_311-1520	806105258533	3	41.01	36.72	55.3	11	0	a							30	
WAT_400-1419C-DK	806105080387	3	2.82	2.63	3.47	11	0	a							30	
WAT_210-6567	806105023032	3	13.92	12.54	18.54	11	0	a							30	
WAT_212-7740B	806105319579	3	12.94	11.66	17.21	11	0	a							30	
WAT_212-7740G	806105033987	3	14.85	13.36	19.79	11	0	a							30	
WAT_640-2319-DKG	806105108364	3	15.53	13.98	20.72	11	0	a							30	
WAT_400-9067B	806105244833	3	7.19	6.53	9.4	11	0	a							30	
WAT_224-1020G	806105265418	3	8.59	7.78	11.3	11	0	a							30	
WAT_229-1101	806105489586	3	9.93	8.97	13.12	11	0	a							30	
WAT_229-1100	806105470706	3	9.93	8.97	13.12	11	0	a							30	
WAT_229-1107	806105489593	3	9.93	8.97	13.12	11	0	a							30	
WAT_550-1220	806105099587	3	7.75	7.03	10.16	11	0	a							30	
WAT_FCS1507S	806105528520	3	None	None	None	11	0	a							30	
WAT_229-8031-DK	806105482754	3	9.2	8.32	12.13	11	0	a							30	
WAT_212-7611G	806105033413	3	14.85	13.36	19.79	11	0	a							30	
WAT_400-9399-DKG	806105082626	3	6.43	5.85	8.37	11	0	a							30	
WAT_400-1411D	806105080127	3	2.82	2.63	3.47	11	0	a							30	
WAT_400-1411E	806105080141	3	2.82	2.63	3.47	11	0	a							30	
WAT_218-1449-DKG	806105051790	3	2.48	2.33	3.01	11	0	a							30	
WAT_400-9187	806105077943	3	3.76	3.46	4.74	11	0	a							30	
WAT_500-7310	806105189387	3	7.54	6.84	9.87	11	0	a							30	
WAT_400-1411A	806105080066	3	3.06	2.84	3.79	11	0	a							30	
WAT_400-1411B	806105080080	3	2.82	2.63	3.47	11	0	a							30	
WAT_218-1449-DKB	806105051783	3	2.93	2.72	3.62	11	0	a							30	
WAT_640-2757	806105109378	3	30.46	27.3	40.98	11	0	a							30	
WAT_640-2750	806105109347	3	28.37	25.44	38.15	11	0	a							30	
WAT_640-2751	806105109361	3	27.89	25.01	37.5	11	0	a							30	
WAT_BSPH1100-3	806105434036	3	244.54	218.45	331.52	11	0	a							30	
WAT_819-6430	806105136763	3	1.59	1.52	1.8	11	0	a							30	
WAT_600-7020	806105102720	3	26.58	23.84	35.71	11	0	a							30	
WAT_212-8057	806105035547	3	7.1	6.45	9.28	11	0	a							30	
WAT_212-8050	806105035509	3	7.1	6.45	9.28	11	0	a							30	
WAT_502-5010B	806105224934	3	82.4	73.67	111.47	11	0	a							30	
WAT_229-8051-DK	806105482761	3	6.73	6.11	8.77	11	0	a							30	
WAT_229-3251S	806105462817	3	12.68	11.43	16.85	11	0	a							30	
WAT_540-5300-9B	806105226235	3	106.94	95.59	144.77	11	0	a							30	
WAT_519-6469	806105096364	3	3.81	3.51	4.82	11	0	a							30	
WAT_540-6410-9B	806105098498	3	53.35	47.74	72.04	11	0	a							30	
WAT_711-0070	806105123992	3	5.89	5.36	7.63	11	0	a							30	
WAT_3722021-0V	806105379450	3	357.73	319.51	485.14	11	0	a							30	
WAT_711-4020	806105124586	3	1.52	1.46	1.7	11	0	a							30	
WAT_505-2160	806105257796	3	66.38	59.38	89.73	11	0	a							30	
WAT_SG5225337-6S	806105427816	3	488.56	436.32	662.69	11	0	a							30	
WAT_CHAMPE-115	806105237866	3	571.68	510.54	775.5	11	0	a							30	
WAT_519-9540	806105097668	3	7.02	6.38	9.17	11	0	a							30	
WAT_519-8010	806105097293	3	20.22	18.16	27.09	11	0	a							30	
WAT_670-2200	806105118066	3	4.04	3.71	5.12	11	0	a							30	
WAT_560-D3C60L	806105101204	3	46.95	42.02	63.36	11	0	a							30	
WAT_640-2800	806105109392	3	3.55	3.27	4.46	11	0	a							30	
WAT_640-2801	806105109408	3	3.83	3.52	4.84	11	0	a							30	
WAT_640-2807	806105109415	3	3.83	3.52	4.84	11	0	a							30	
WAT_SG5205147-3S	806105433183	3	456.99	408.14	619.85	11	0	a							30	
WAT_PSP1100-6	806105260277	3	214.79	191.89	291.15	11	0	a							30	
WAT_3420411-1524	806105071460	3	None	None	None	11	0	a							30	
WAT_519-6429BEI	806105095985	3	15.9	14.3	21.22	11	0	a							30	
WAT_519-6459-DKG	806105096111	3	11.44	10.32	15.17	11	0	a							30	
WAT_SG5205167-3S	806105433190	3	500.59	447.06	679.02	11	0	a							30	
WAT_640-4721V	806105367655	3	81.92	73.25	110.82	11	0	a							30	
WAT_120-0151	806105373441	3	2.32	2.17	2.79	11	0	a							30	
WAT_120-0150	806105334268	3	2.32	2.17	2.79	11	0	a							30	
WAT_550-1821	806105099815	3	28.45	25.51	38.26	11	0	a							30	
WAT_640-7410 V	806105457035	3	63.72	57.0	86.12	11	0	a							30	
WAT_WVS003	806105186072	3	67.43	60.31	91.16	11	0	a							30	
WAT_WVS002	806105185129	3	67.43	60.31	91.16	11	0	a							30	
WAT_400-5990B	806105197146	3	5.58	5.09	7.21	11	0	a							30	
WAT_217-3330	806105048844	3	1.83	1.74	2.12	11	0	a							30	
WAT_535-2209-CSG	806105425485	3	63.9	57.16	86.37	11	0	a							30	
WAT_670-2330	806105118295	3	4.04	3.71	5.12	11	0	a							30	
WAT_PCCF-100	806105242372	3	301.05	268.9	408.21	11	0	a							30	
WAT_550-7500	806105486097	3	35.97	32.23	48.46	11	0	a							30	
WAT_FSS0199S	806105288271	3	297.3	265.55	403.12	11	0	a							30	
WAT_218-6070	806105055071	3	3.7	3.41	4.67	11	0	a							30	
WAT_218-1441B	806105051738	3	2.75	2.56	3.38	11	0	a							30	
WAT_429-7300B	806105225764	3	4.58	4.2	5.86	11	0	a							30	
WAT_711-4020B	806105225061	3	1.83	1.74	2.12	11	0	a							30	
WAT_212-8537G	806105259981	3	12.68	11.43	16.85	11	0	a							30	
WAT_400-9299-BEI	806105078322	3	3.53	3.26	4.44	11	0	a							30	
WAT_640-2349-DKG	806105108524	3	None	None	None	11	0	a							30	
WAT_805-0001-SPL	806105270399	3	1.85	1.76	2.16	11	0	a							30	
WAT_212-1800	806105029904	3	14.3	12.88	19.05	11	0	a							30	
WAT_229-8530	806105442574	3	9.2	8.32	12.13	11	0	a							30	
WAT_400-6600	610377045421	3	2.12	2.0	2.52	11	0	a							30	
WAT_400-6601	806105082275	3	2.12	2.0	2.52	11	0	a							30	
WAT_212-7617B	806105196163	3	12.97	11.69	17.25	11	0	a							30	
WAT_CLC012-W	806105161475	3	68.65	61.4	92.81	11	0	a							30	
WAT_602-3160	806105103635	3	2.62	2.45	3.2	11	0	a							30	
WAT_602-3161	806105103642	3	2.89	2.69	3.57	11	0	a							30	
WAT_PCCF-075	806105242341	3	217.1	193.95	294.28	11	0	a							30	
WAT_519-3097	806105094674	3	7.08	6.42	9.25	11	0	a							30	
WAT_519-3090	806105094650	3	7.08	6.42	9.25	11	0	a							30	
WAT_400-4149-BEI	806105081360	3	2.23	2.1	2.67	11	0	a							30	
WAT_672-7150	806105121264	3	5.49	5.01	7.1	11	0	a							30	
WAT_CHAMPS-115	806105237910	3	432.27	386.06	586.3	11	0	a							30	
WAT_CHAMPS-110	806105237903	3	409.24	365.5	555.04	11	0	a							30	
WAT_310-1740	806105364418	3	51.83	46.39	69.99	11	0	a							30	
WAT_672-2009-DKG	806105118912	3	3.6	3.33	4.53	11	0	a							30	
WAT_218-7657	806105247858	3	5.69	5.19	7.37	11	0	a							30	
WAT_218-7651	806105247841	3	7.94	7.2	10.42	11	0	a							30	
WAT_218-7650	806105057433	3	5.24	4.79	6.76	11	0	a							30	
WAT_805-0145	806105129505	3	1.24	1.21	1.32	11	0	a							30	
WAT_310-5080	806105259608	3	15.55	13.99	20.74	11	0	a							30	
WAT_212-8050G	806105259813	3	7.1	6.45	9.28	11	0	a							30	
WAT_630-1115	806105106520	3	43.91	39.31	59.23	11	0	a							30	
WAT_640-2319-BEI	806105108340	3	15.53	13.98	20.72	11	0	a							30	
WAT_210-6071-BLK	806105021342	3	20.11	18.06	26.94	11	0	a							30	
WAT_715-0010	806105125231	3	1.29	1.26	1.4	11	0	a							30	
WAT_640-1900 V	806105453334	3	18.79	16.89	25.15	11	0	a							30	
WAT_550-1030	806105099464	3	7.08	6.42	9.25	11	0	a							30	
WAT_3421821-13	806105075291	3	310.81	277.61	421.45	11	0	a							30	
WAT_310-0900	806105061409	3	12.63	11.39	16.79	11	0	a							30	
WAT_519-1167	806105192851	3	20.77	18.65	27.83	11	0	a							30	
WAT_805-0360	806105129789	3	3.35	3.1	4.19	11	0	a							30	
WAT_3421821-1U	806105361523	3	290.16	259.18	393.43	11	0	a							30	
WAT_421-4070	806105086709	3	1.99	1.89	2.35	11	0	a							30	
WAT_210-6170	806105022080	3	13.92	12.54	18.54	11	0	a							30	
WAT_212-8047G	806105261960	3	7.09	6.44	9.26	11	0	a							30	
WAT_872-4000E	806105245953	3	3.1	2.88	3.85	11	0	a							30	
WAT_419-4110	806105086532	3	2.26	2.13	2.71	11	0	a							30	
WAT_540-5307-9B	806105227058	3	112.24	100.32	151.97	11	0	a							30	
WAT_3421821-1A	806105075369	3	310.81	277.61	421.45	11	0	a							30	
WAT_545-8430	806105185860	3	130.28	116.43	176.45	11	0	a							30	
WAT_545-8437	806105251473	3	138.77	124.01	187.98	11	0	a							30	
WAT_229-8037	806105443946	3	9.2	8.32	12.13	11	0	a							30	
WAT_229-8030	806105442635	3	9.2	8.32	12.13	11	0	a							30	
WAT_229-8031	806105451903	3	9.2	8.32	12.13	11	0	a							30	
WAT_400-5670	806105082053	3	4.15	3.81	5.28	11	0	a							30	
WAT_550-2630	806105286666	3	None	None	None	11	0	a							30	
WAT_210-3257	806105263926	3	45.88	41.08	61.91	11	0	a							30	
WAT_210-3250	806105262646	3	67.5	60.38	91.25	11	0	a							30	
WAT_210-7310	806105024527	3	18.84	16.93	25.21	11	0	a							30	
WAT_319-3121B	806105065551	3	4.09	3.76	5.2	11	0	a							30	
WAT_400-1990	806105080943	3	2.74	2.55	3.36	11	0	a							30	
SUP_805-0268	806105493583	3	4.99	4.56	6.42	11	0	a							30	
WAT_212-0600	806105028747	3	3.7	3.41	4.67	11	0	a							30	
WAT_FS02629TV2	806105280558	3	418.89	374.11	568.13	11	0	a							30	
WAT_540-6417-9B	806105098542	3	62.45	55.86	84.39	11	0	a							30	
WAT_640-1809-DKG V	806105455543	3	10.14	9.16	13.41	11	0	a							30	
WAT_777-WW99004	806105542458	3	613.61	547.98	832.4	11	0	a							30	
WAT_400-4481-CPVC	806105505514	3	13.14	11.84	17.47	11	0	a							30	
WAT_777-WW99002	806105542434	3	598.63	534.6	812.07	11	0	a							30	
WAT_550-4320	806105210708	3	16.6	14.93	22.17	11	0	a							30	
WAT_417-4050B	806105224866	3	2.04	1.93	2.41	11	0	a							30	
WAT_215-1751	806105042828	3	2.71	2.52	3.32	11	0	a							30	
WAT_400-4030	806105081216	3	5.55	5.06	7.18	11	0	a							30	
WAT_310-5400B	806105063557	3	37.93	33.98	51.12	11	0	a							30	
WAT_215-1750	806105042804	3	2.71	2.52	3.32	11	0	a							30	
WAT_415-6010	739268312708	3	4.0	3.68	5.07	11	0	a							30	
WAT_310-4020	806105063205	3	12.63	11.39	16.79	11	0	a							30	
WAT_540-6619-BEI	806105098993	3	78.14	69.88	105.69	11	0	a							30	
WAT_400-9191	806105077998	3	6.43	5.85	8.37	11	0	a							30	
WAT_400-9190	806105077974	3	6.43	5.85	8.37	11	0	a							30	
WAT_310-1141SD	806105061706	3	51.83	46.39	69.99	11	0	a							30	
WAT_212-1247	806105029553	3	4.64	4.25	5.94	11	0	a							30	
WAT_212-8011G-DK	806105266156	3	12.7	11.45	16.88	11	0	a							30	
WAT_212-3300B	806105196101	3	17.38	15.63	23.23	11	0	a							30	
WAT_212-1240	806105029539	3	4.64	4.25	5.94	11	0	a							30	
WAT_700-3151-58X	806105490018	3	107.32	95.92	145.29	11	0	a							30	
WAT_630-5005	806105106858	3	9.5	8.59	12.53	11	0	a							30	
WAT_600-7010	806105102706	3	27.63	24.77	37.14	11	0	a							30	
WAT_212-8047	806105035493	3	7.1	6.45	9.28	11	0	a							30	
WAT_640-2920	806105109507	3	31.37	28.11	42.21	11	0	a							30	
WAT_520-4070	806105338815	3	232.11	207.35	314.65	11	0	a							30	
WAT_640-1369-DKG-V	806105443687	3	165.51	147.89	224.27	11	0	a							30	
WAT_413-5040	806105084675	3	6.46	5.88	8.41	11	0	a							30	
WAT_210-3927	806105336088	3	18.84	16.93	25.21	11	0	a							30	
WAT_413-2020	806105084057	3	3.6	3.33	4.53	11	0	a							30	
WAT_210-3920	806105322630	3	18.84	16.93	25.21	11	0	a							30	
WAT_600-7300	806105102928	3	14.47	13.02	19.28	11	0	a							30	
WAT_600-8160	806105240293	3	9.2	8.32	12.13	11	0	a							30	
WAT_711-0060	806105123985	3	5.24	4.79	6.76	11	0	a							30	
WAT_400-3021	806105193001	3	9.93	8.97	13.12	11	0	a							30	
WAT_210-3711B	806105265593	3	10.23	9.24	13.52	11	0	a							30	
WAT_212-7957	806105034984	3	7.54	6.84	9.87	11	0	a							30	
WAT_212-7950	806105034922	3	7.54	6.84	9.87	11	0	a							30	
WAT_519-9537	806105097651	3	9.64	8.71	12.72	11	0	a							30	
WAT_212-7610G	806105033390	3	14.85	13.36	19.79	11	0	a							30	
WAT_218-1437	806105232038	3	4.02	3.7	5.1	11	0	a							30	
WAT_602-1931	806105103383	3	5.56	5.07	7.19	11	0	a							30	
WAT_540-6460WW	806105098689	3	18.5	16.63	24.75	11	0	a							30	
WAT_BS5225140-6S	806105435149	3	531.98	475.09	721.61	11	0	a							30	
WAT_310-4180B	806105196750	3	14.78	13.3	19.7	11	0	a							30	
WAT_210-8750B	806105025883	3	6.52	5.92	8.49	11	0	a							30	
WAT_600-3047	806105187215	3	16.15	14.53	21.56	11	0	a							30	
WAT_600-3040	806105386014	3	18.21	16.36	24.35	11	0	a							30	
WAT_560-C3C60L	806105101044	3	37.96	34.0	51.16	11	0	a							30	
WAT_417-6060	806105085993	3	1.98	1.88	2.33	11	0	a							30	
WAT_640-1807 V	806105453310	3	10.14	9.16	13.41	11	0	a							30	
WAT_400-9974	806105284174	3	67.77	60.61	91.61	11	0	a							30	
WAT_542-3240	806105099341	3	6.84	6.21	8.92	11	0	a							30	
WAT_700-3101-38O	806105489821	3	124.91	111.64	169.17	11	0	a							30	
WAT_5700048-07	806105312990	3	684.2	611.0	928.2	11	0	a							30	
WAT_212-8019G-DKG	806105275806	3	19.75	17.74	26.44	11	0	a							30	
SUP_310-8400	806105513953	3	40.13	35.94	54.11	11	0	a							30	
WAT_670-2300	806105118172	3	4.04	3.71	5.12	11	0	a							30	
WAT_519-3150	806105094797	3	6.56	5.96	8.54	11	0	a							30	
WAT_645-2150V	806105365743	3	13.43	12.1	17.87	11	0	a							30	
WAT_313-3210	806105295859	3	3.76	3.46	4.74	11	0	a							30	
WAT_640-8400 V	806105482983	3	23.29	20.9	31.25	11	0	a							30	
WAT_425-5039-DKG	806105087027	3	3.7	3.41	4.67	11	0	a							30	
WAT_319-1530	806105258496	3	8.92	8.07	11.75	11	0	a							30	
WAT_500-5070	806105088086	3	79.01	70.65	106.87	11	0	a							30	
WAT_212-7920B	806105319593	3	5.65	5.15	7.31	11	0	a							30	
WAT_672-7140	806105121257	3	4.36	4.0	5.56	11	0	a							30	
WAT_CHAMPS-107	806105237897	3	388.95	347.39	527.51	11	0	a							30	
WAT_212-3470	806105030320	3	3.48	3.21	4.36	11	0	a							30	
WAT_500-5310	806105322821	3	15.9	14.3	21.22	11	0	a							30	
WAT_210-6070B	806105195654	3	14.23	12.81	18.95	11	0	a							30	
WAT_310-1750	806105062581	3	51.83	46.39	69.99	11	0	a							30	
WAT_522-5100-3S	806105336873	3	422.2	377.08	572.63	11	0	a							30	
WAT_3410612-10	806105068637	3	199.59	178.31	270.51	11	0	a							30	
WAT_215-9890B	806105196330	3	3.79	3.49	4.78	11	0	a							30	
WAT_640-1320V	806105391988	3	165.51	147.89	224.27	11	0	a							30	
WAT_CHAMPS-215	806105237958	3	530.77	474.01	719.98	11	0	a							30	
WAT_319-1510	806105257543	3	96.79	86.53	131.0	11	0	a							30	
WAT_550-9237	806105100788	3	4.47	4.1	5.71	11	0	a							30	
WAT_550-9230	806105100757	3	4.47	4.1	5.71	11	0	a							30	
WAT_550-9231	806105100764	3	4.47	4.1	5.71	11	0	a							30	
WAT_805-0151	806105129512	3	2.23	2.1	2.67	11	0	a							30	
WAT_310-4220B	806105265753	3	14.76	13.29	19.68	11	0	a							30	
WAT_715-0000	806105125224	3	1.46	1.41	1.63	11	0	a							30	
WAT_672-2001	806105118882	3	3.6	3.33	4.53	11	0	a							30	
WAT_672-2000	806105118875	3	3.6	3.33	4.53	11	0	a							30	
WAT_672-2007	806105118905	3	3.6	3.33	4.53	11	0	a							30	
WAT_600-2207	806105229496	3	19.09	17.15	25.55	11	0	a							30	
WAT_600-2200	806105229489	3	19.09	17.15	25.55	11	0	a							30	
WAT_600-2201	806105229502	3	19.09	17.15	25.55	11	0	a							30	
WAT_218-6930	806105056603	3	2.96	2.75	3.66	11	0	a							30	
WAT_777-WW00100	806105527967	3	528.97	472.4	717.53	11	0	a							30	
WAT_218-0710	806105188960	3	4.22	3.88	5.37	11	0	a							30	
WAT_805-0377	806105129802	3	3.46	3.2	4.34	11	0	a							30	
WAT_419-4100	806105086525	3	2.12	2.0	2.52	11	0	a							30	
WAT_210-6107B	806105195760	3	6.52	5.92	8.49	11	0	a							30	
WAT_545-8407	806105321893	3	136.06	121.59	184.29	11	0	a							30	
WAT_545-8400	806105321886	3	127.76	114.18	173.03	11	0	a							30	
WAT_210-6127B	806105195791	3	14.23	12.81	18.95	11	0	a							30	
WAT_400-9199-BEI	806105078056	3	6.43	5.85	8.37	11	0	a							30	
WAT_400-5660	806105082039	3	6.46	5.88	8.41	11	0	a							30	
WAT_310-1150SD	806105061744	3	51.83	46.39	69.99	11	0	a							30	
WAT_540-5301	806105224361	3	112.24	100.32	151.97	11	0	a							30	
WAT_310-0800	806105061393	3	43.31	38.77	58.42	11	0	a							30	
WAT_SG5205347-3S	806105427755	3	500.65	447.11	679.09	11	0	a							30	
WAT_600-7040-CPVC	806105102768	3	39.71	35.56	53.53	11	0	a							30	
WAT_210-7307	806105024503	3	18.84	16.93	25.21	11	0	a							30	
WAT_218-1570	806105051844	3	13.95	12.56	18.58	11	0	a							30	
WAT_319-3260	806105065667	3	25.54	22.91	34.31	11	0	a							30	
WAT_212-8051G	806105259820	3	7.1	6.45	9.28	11	0	a							30	
WAT_423-4000	806105086730	3	6.26	5.7	8.14	11	0	a							30	
WAT_672-4550	806105120229	3	7.08	6.42	9.25	11	0	a							30	
WAT_212-4700	806105031266	3	2.54	2.38	3.09	11	0	a							30	
WAT_806-1040	806105129956	3	2.54	2.38	3.09	11	0	a							30	
WAT_FS022	806105172273	3	362.84	324.07	492.07	11	0	a							30	
WAT_SGPH2100-6	806105433077	3	295.98	264.38	401.33	11	0	a							30	
WAT_800-0100	806105211620	3	2.67	2.49	3.26	11	0	a							30	
WAT_3420820-S1Z	806105462053	3	303.05	270.69	410.93	11	0	a							30	
WAT_400-5200	806105081841	3	10.77	9.73	14.26	11	0	a							30	
WAT_5700325-07	806105312952	3	647.8	578.5	878.8	11	0	a							30	
WAT_3410830-13	806105069665	3	245.38	219.2	332.66	11	0	a							30	
WAT_600-1500UCP	806105319562	3	80.67	72.14	109.13	11	0	a							30	
WAT_PA070	806105179326	3	None	None	None	11	0	a							30	
WAT_520-5240-25S	806105368478	3	1021.74	912.38	1386.29	11	0	a							30	
WAT_212-7617G	806105033444	3	14.85	13.36	19.79	11	0	a							30	
WAT_400-1417C	806105080219	3	2.82	2.63	3.47	11	0	a							30	
WAT_400-4480	806105348180	3	13.54	12.2	18.02	11	0	a							30	
WAT_400-1417A	806105080172	3	3.06	2.84	3.79	11	0	a							30	
WAT_400-1417D	806105080233	3	2.82	2.63	3.47	11	0	a							30	
WAT_400-1417E	806105080257	3	2.82	2.63	3.47	11	0	a							30	
WAT_540-8437	806105099198	3	84.27	75.35	114.01	11	0	a							30	
WAT_715-1307	806105125446	3	5.73	5.22	7.42	11	0	a							30	
WAT_417-5120	806105085719	3	2.58	2.41	3.15	11	0	a							30	
WAT_417-5121	806105085726	3	2.58	2.41	3.15	11	0	a							30	
WAT_600-0200	806105255495	3	6.49	5.9	8.45	11	0	a							30	
WAT_212-1257	806105029621	3	7.08	6.42	9.25	11	0	a							30	
WAT_229-8579-DSGS	806105521637	3	25.37	22.76	34.08	11	0	a							30	
WAT_540-6610	806105098931	3	69.63	62.28	94.14	11	0	a							30	
WAT_210-5100S	806105326171	3	322.68	288.21	437.56	11	0	a							30	
WAT_640-4729V-DKG	806105367679	3	81.92	73.25	110.82	11	0	a							30	
WAT_310-4030B	806105196736	3	12.96	11.67	17.23	11	0	a							30	
WAT_210-7430	806105024725	3	18.84	16.93	25.21	11	0	a							30	
WAT_640-2390V	806105365958	3	14.75	13.28	19.66	11	0	a							30	
WAT_429-7221	806105254870	3	3.6	3.33	4.53	11	0	a							30	
WAT_210-3910	806105322029	3	18.84	16.93	25.21	11	0	a							30	
WAT_FS026	806105172310	3	340.89	304.48	462.28	11	0	a							30	
WAT_210-3917	806105336040	3	18.84	16.93	25.21	11	0	a							30	
WAT_212-6637	806105032614	3	10.42	9.41	13.79	11	0	a							30	
WAT_600-8150	806105102973	3	20.57	18.48	27.56	11	0	a							30	
WAT_212-6630	806105032584	3	10.42	9.41	13.79	11	0	a							30	
WAT_311-1070	806105440556	3	15.83	14.24	21.12	11	0	a							30	
WAT_640-2317	806105108333	3	15.53	13.98	20.72	11	0	a							30	
WAT_640-2310	806105108302	3	15.53	13.98	20.72	11	0	a							30	
WAT_212-7610	806105033369	3	12.66	11.41	16.83	11	0	a							30	
WAT_212-7947	806105034915	3	7.54	6.84	9.87	11	0	a							30	
WAT_672-0410	806105206763	3	3.56	3.29	4.48	11	0	a							30	
WAT_520-1601LT	806105422347	3	267.24	238.71	362.32	11	0	a							30	
WAT_218-1770A	806105051899	3	6.19	5.64	8.05	11	0	a							30	
WAT_400-1410FB	806105202345	3	3.16	2.92	3.93	11	0	a							30	
WAT_519-9520	806105097613	3	9.29	8.4	12.25	11	0	a							30	
WAT_519-9527	806105097637	3	9.29	8.4	12.25	11	0	a							30	
WAT_210-6081DKG	806105021519	3	8.76	7.92	11.53	11	0	a							30	
WAT_411-5550	806105083647	3	2.81	2.61	3.45	11	0	a							30	
WAT_600-7000	806105102683	3	27.63	24.77	37.14	11	0	a							30	
WAT_310-1130SDB	806105196545	3	52.34	46.84	70.67	11	0	a							30	
WAT_SG5205337-3S	806105427717	3	477.48	426.42	647.65	11	0	a							30	
WAT_120-0131	806105373434	3	1.7	1.63	1.95	11	0	a							30	
WAT_120-0130	806105334244	3	1.73	1.65	1.99	11	0	a							30	
WAT_419-0900	806105086419	3	3.02	2.8	3.74	11	0	a							30	
WAT_602-3541	806105104144	3	4.93	4.51	6.34	11	0	a							30	
WAT_711-4750	806105124791	3	1.36	1.32	1.49	11	0	a							30	
WAT_212-7600G	806105033215	3	12.61	11.36	16.75	11	0	a							30	
WAT_212-7600B	806105227539	3	10.73	9.69	14.21	11	0	a							30	
WAT_519-6427	806105095947	3	10.42	9.41	13.79	11	0	a							30	
WAT_SVL56E-120	806105183330	3	669.53	597.9	908.29	11	0	a							30	
WAT_519-6421	806105095923	3	10.42	9.41	13.79	11	0	a							30	
WAT_519-6420	806105095916	3	9.08	8.21	11.96	11	0	a							30	
WAT_310-4190B	806105196767	3	14.78	13.3	19.7	11	0	a							30	
WAT_3721221-1V	806105382047	3	322.87	288.39	437.83	11	0	a							30	
WAT_640-1800 V	806105453297	3	10.14	9.16	13.41	11	0	a							30	
WAT_520-5220N	806105206312	3	185.79	165.99	251.78	11	0	a							30	
WAT_3721221-1D	806105077035	3	286.25	255.69	388.13	11	0	a							30	
WAT_SGPH2150-3R	806105433107	3	319.29	285.19	432.97	11	0	a							30	
WAT_120-0220	806105393968	3	1.56	1.5	1.76	11	0	a							30	
WAT_650-3400	806105114686	3	11.93	10.76	15.84	11	0	a							30	
WAT_640-2410V	806105365972	3	59.58	53.3	80.5	11	0	a							30	
WAT_400-9060B	806105187741	3	7.19	6.53	9.4	11	0	a							30	
WAT_310-4210B	806105268334	3	14.76	13.29	19.68	11	0	a							30	
WAT_600-2140	806105452849	3	7.73	7.01	10.14	11	0	a							30	
WAT_SGPH1100-3	806105432971	3	244.54	218.45	331.52	11	0	a							30	
WAT_SGPH1100-6	806105432995	3	244.54	218.45	331.52	11	0	a							30	
WAT_310-7410	806105232168	3	26.84	24.08	36.07	11	0	a							30	
WAT_212-3440	806105030306	3	3.48	3.21	4.36	11	0	a							30	
WAT_500-5300	806105088185	3	5.49	5.01	7.1	11	0	a							30	
WAT_212-8007B	806105319708	3	8.46	7.66	11.13	11	0	a							30	
WAT_315-1120	806105064783	3	20.74	18.63	27.79	11	0	a							30	
WAT_215-9837	806105046376	3	2.51	2.35	3.05	11	0	a							30	
WAT_511-1310	806105092144	3	25.47	22.85	34.21	11	0	a							30	
WAT_3721221-13	806105076984	3	286.25	255.69	388.13	11	0	a							30	
WAT_873-E12S1	806105254016	3	11.36	10.25	15.06	11	0	a							30	
WAT_873-E12S2	806105254023	3	16.44	14.79	21.96	11	0	a							30	
WAT_522-5107-6S	806105365040	3	541.43	483.52	734.44	11	0	a							30	
WAT_310-4030	806105063212	3	12.63	11.39	16.79	11	0	a							30	
WAT_540-3169-BEI	806105098351	3	13.22	11.91	17.59	11	0	a							30	
WAT_640-1809-BEI V	806105453327	3	10.14	9.16	13.41	11	0	a							30	
WAT_210-6040B	806105195609	3	6.52	5.92	8.49	11	0	a							30	
WAT_310-1870B	806105257505	3	52.14	46.66	70.41	11	0	a							30	
WAT_672-4670	806105120342	3	3.2	2.96	3.98	11	0	a							30	
WAT_212-8031G-BE	806105269584	3	18.32	16.46	24.5	11	0	a							30	
WAT_672-4680	806105120366	3	6.78	6.16	8.85	11	0	a							30	
WAT_805-0014	806105129185	3	1.24	1.21	1.32	11	0	a							30	
WAT_210-5950	806105021083	3	6.19	5.64	8.05	11	0	a							30	
WAT_310-0140	806105281630	3	51.83	46.39	69.99	11	0	a							30	
WAT_210-5770	806105020659	3	6.19	5.64	8.05	11	0	a							30	
WAT_310-5200	806105063502	3	12.63	11.39	16.79	11	0	a							30	
WAT_520-5307-3BD	806105363510	3	509.16	454.71	690.64	11	0	a							30	
WAT_210-6071B	806105021342	3	14.23	12.81	18.95	11	0	a							30	
WAT_718-7021-CPVC	806105486806	3	6.08	5.54	7.9	11	0	a							30	
WAT_540-6467WW	806105098726	3	19.52	17.54	26.14	11	0	a							30	
WAT_229-8011	806105455635	3	8.21	7.44	10.79	11	0	a							30	
WAT_229-8017	806105443953	3	8.21	7.44	10.79	11	0	a							30	
WAT_FCS1001027-3BD	806105363480	3	667.19	595.81	905.12	11	0	a							30	
WAT_215-9891B	806105196347	3	4.63	4.24	5.92	11	0	a							30	
WAT_400-5050	806105081780	3	6.19	5.64	8.05	11	0	a							30	
WAT_550-9950B	806105197740	3	10.73	9.69	14.21	11	0	a							30	
WAT_640-1321V	806105407047	3	281.8	251.71	382.08	11	0	a							30	
WAT_315-1300	806105064943	3	124.44	111.21	168.52	11	0	a							30	
WAT_SMF-120	806105430366	3	396.04	353.71	537.12	11	0	a							30	
WAT_229-8050	806105478757	3	6.73	6.11	8.77	11	0	a							30	
WAT_BS5225100-6S	806105525284	3	527.06	470.7	714.94	11	0	a							30	
WAT_630-6115	806105107107	3	20.42	18.34	27.35	11	0	a							30	
WAT_400-4149-DKG	806105230409	3	2.23	2.1	2.67	11	0	a							30	
WAT_319-1390	806105065346	3	4.18	3.84	5.31	11	0	a							30	
WAT_PH2075-6R	806105180407	3	290.16	259.18	393.43	11	0	a							30	
WAT_3721621-1	806105319227	3	258.25	230.69	350.13	11	0	a							30	
WAT_SGPH2100-6R	806105433084	3	295.98	264.38	401.33	11	0	a							30	
WAT_400-4130	806105280190	3	5.7	5.2	7.38	11	0	a							30	
WAT_711-6608	806105124951	3	1.34	1.3	1.46	11	0	a							30	
WAT_421-4010	806105086662	3	4.25	3.9	5.41	11	0	a							30	
WAT_611-4304	806105106025	3	2.81	2.61	3.45	11	0	a							30	
WAT_400-5540	806105081933	3	6.33	5.76	8.24	11	0	a							30	
WAT_212-8280	806105215949	3	7.61	6.9	9.97	11	0	a							30	
WAT_217-3320	806105048837	3	1.83	1.74	2.12	11	0	a							30	
WAT_310-4000	806105063175	3	12.63	11.39	16.79	11	0	a							30	
WAT_642-3700V	806105370228	3	6.12	5.58	7.95	11	0	a							30	
WAT_310-3670	806105202390	3	26.84	24.08	36.07	11	0	a							30	
WAT_519-6570B	806105197597	3	6.47	5.89	8.43	11	0	a							30	
WAT_229-8121-DK	806105482747	3	8.21	7.44	10.79	11	0	a							30	
WAT_505-1950	806105088666	3	7.75	7.03	10.16	11	0	a							30	
WAT_400-1421E	806105080653	3	3.67	3.39	4.63	11	0	a							30	
WAT_400-1421D	806105080639	3	3.67	3.39	4.63	11	0	a							30	
WAT_212-8011G-BE	806105269607	3	12.7	11.45	16.88	11	0	a							30	
WAT_400-4300	806105081469	3	4.36	4.0	5.56	11	0	a							30	
WAT_815-4011	806105135728	3	5.97	5.44	7.74	11	0	a							30	
WAT_SG5205167-6S	806105427915	3	513.39	458.49	696.38	11	0	a							30	
WAT_WVD001UCP	806105349538	3	152.17	135.97	206.16	11	0	a							30	
WAT_611-4303	806105106018	3	2.81	2.61	3.45	11	0	a							30	
WAT_212-7601G	806105033239	3	12.61	11.36	16.75	11	0	a							30	
WAT_672-4340	806105197429	3	2.96	2.75	3.66	11	0	a							30	
WAT_600-8140	806105102966	3	8.81	7.97	11.6	11	0	a							30	
WAT_711-4010	806105124579	3	1.29	1.26	1.4	11	0	a							30	
WAT_400-4010	806105081193	3	5.55	5.06	7.18	11	0	a							30	
WAT_3712021-13	806105076434	3	309.57	276.51	419.78	11	0	a							30	
WAT_519-9517	806105097576	3	10.77	9.73	14.26	11	0	a							30	
WAT_413-5080	806105084705	3	6.46	5.88	8.41	11	0	a							30	
WAT_519-9510	806105097538	3	9.58	8.66	12.65	11	0	a							30	
WAT_819-00051	806105360144	3	1.57	1.51	1.78	11	0	a							30	
WAT_3712021-1D	806105076472	3	309.57	276.51	419.78	11	0	a							30	
WAT_602-5321	806105406750	3	3.11	2.89	3.87	11	0	a							30	
WAT_711-1750B	806105225030	3	1.55	1.49	1.74	11	0	a							30	
WAT_3410030-1E02	806105066466	3	162.29	145.01	219.9	11	0	a							30	
WAT_540-5310	806105222848	3	83.56	74.71	113.04	11	0	a							30	
WAT_540-5317	806105257161	3	88.4	79.04	119.62	11	0	a							30	
WAT_711-4290	806105241511	3	9.33	8.44	12.3	11	0	a							30	
WAT_400-9177B	806105082558	3	5.56	5.07	7.19	11	0	a							30	
WAT_550-9239-DKG	806105100795	3	4.47	4.1	5.71	11	0	a							30	
WAT_711-4100	806105220875	3	4.22	3.88	5.37	11	0	a							30	
WAT_505-2040	806105088710	3	34.66	31.05	46.68	11	0	a							30	
WAT_640-8500 V	806105483034	3	18.71	16.81	25.04	11	0	a							30	
WAT_570-0036-07	806105312983	3	537.2	479.75	728.7	11	0	a							30	
WAT_711-2600	806105124425	3	5.05	4.61	6.49	11	0	a							30	
WAT_3720821-1W	806105371157	3	250.16	223.46	339.14	11	0	a							30	
WAT_602-3557	806105104212	3	3.6	3.33	4.53	11	0	a							30	
WAT_560-COA60S	806105100924	3	None	None	None	11	0	a							30	
WAT_3720821-1D	806105076779	3	267.97	239.36	363.31	11	0	a							30	
WAT_542-3060	806105099327	3	5.66	5.16	7.33	11	0	a							30	
WAT_540-6200	806105257277	3	63.99	57.24	86.48	11	0	a							30	
WAT_640-2319-BEIV	806105366344	3	17.35	15.6	23.19	11	0	a							30	
WAT_212-6647B	806105337481	3	8.45	7.65	11.11	11	0	a							30	
WAT_210-6047	806105021199	3	6.19	5.64	8.05	11	0	a							30	
WAT_211-5830	806105027603	3	4.51	4.14	5.77	11	0	a							30	
WAT_520-4010	806105098115	3	256.85	229.44	348.23	11	0	a							30	
WAT_210-6517	806105022820	3	13.92	12.54	18.54	11	0	a							30	
WAT_3720821-13	806105076724	3	267.97	239.36	363.31	11	0	a							30	
WAT_SG5205147-6S	806105427892	3	468.67	418.56	635.7	11	0	a							30	
WAT_805-0348V	806105192110	3	10.13	9.15	13.39	11	0	a							30	
WAT_400-9180	806105077929	3	3.76	3.46	4.74	11	0	a							30	
WAT_PH2200-3R	806105180575	3	303.86	271.41	412.03	11	0	a							30	
WAT_212-3450	806105030313	3	3.48	3.21	4.36	11	0	a							30	
WAT_WVD001	806105207142	3	110.33	98.61	149.37	11	0	a							30	
WAT_640-1801 V	806105453303	3	10.14	9.16	13.41	11	0	a							30	
WAT_229-8277	806105453846	3	6.73	6.11	8.77	11	0	a							30	
WAT_229-8270	806105442550	3	6.73	6.11	8.77	11	0	a							30	
WAT_711-4000	806105124562	3	1.25	1.23	1.34	11	0	a							30	
WAT_519-2090	806105093912	3	5.86	5.34	7.59	11	0	a							30	
WAT_229-7607G	806105494580	3	10.44	9.43	13.81	11	0	a							30	
WAT_310-4200B	806105221568	3	14.78	13.3	19.7	11	0	a							30	
WAT_520-1910-6	806105297136	3	476.55	425.6	646.39	11	0	a							30	
WAT_602-7251	806105105202	3	6.96	6.32	9.09	11	0	a							30	
WAT_540-8460	806105099211	3	90.77	81.15	122.83	11	0	a							30	
WAT_805-0000	806105194749	3	11.72	10.57	15.55	11	0	a							30	
WAT_212-9179-DKG	806105036193	3	13.46	12.13	17.91	11	0	a							30	
WAT_640-2311	806105108319	3	15.53	13.98	20.72	11	0	a							30	
WAT_672-4400	806105119964	3	5.87	5.35	7.61	11	0	a							30	
WAT_640-1300V	806105391971	3	None	None	None	11	0	a							30	
WAT_640-4779-DKG V	806105453464	3	451.1	402.88	611.85	11	0	a							30	
WAT_212-7637S	806105033659	3	14.01	12.61	18.65	11	0	a							30	
WAT_212-0020	806105028211	3	5.05	4.61	6.49	11	0	a							30	
WAT_210-6090	806105021625	3	13.92	12.54	18.54	11	0	a							30	
WAT_210-6097	806105021748	3	13.92	12.54	18.54	11	0	a							30	
WAT_212-7637G	806105033642	3	10.37	9.36	13.71	11	0	a							30	
WAT_SMF-110	806105430342	3	314.47	280.89	426.43	11	0	a							30	
WAT_SMF-115	806105430359	3	340.07	303.74	461.16	11	0	a							30	
WAT_212-7637B	806105466648	3	8.49	7.69	11.16	11	0	a							30	
WAT_210-3200	806105018441	3	45.88	41.08	61.91	11	0	a							30	
WAT_642-4720V	806105367761	3	62.6	56.0	84.6	11	0	a							30	
WAT_600-1190	806105198716	3	19.84	17.83	26.57	11	0	a							30	
WAT_640-3587V	806105367365	3	14.59	13.14	19.45	11	0	a							30	
WAT_315-1510	806105247605	3	61.17	54.72	82.66	11	0	a							30	
WAT_210-6520	806105022875	3	13.92	12.54	18.54	11	0	a							30	
WAT_210-6527	806105022899	3	13.92	12.54	18.54	11	0	a							30	
WAT_319-1380	806105065339	3	3.76	3.46	4.74	11	0	a							30	
WAT_642-2400 V	806105447708	3	7.83	7.1	10.27	11	0	a							30	
WAT_519-6459-BEI	806105096104	3	11.44	10.32	15.17	11	0	a							30	
WAT_511-1000	806105198495	3	13.15	11.85	17.49	11	0	a							30	
WAT_400-1410DB	806105080035	3	3.16	2.92	3.93	11	0	a							30	
WAT_211-0310	806105026484	3	4.53	4.15	5.79	11	0	a							30	
WAT_640-4799-BEI V	806105452955	3	37.34	33.45	50.32	11	0	a							30	
WAT_310-4010	806105197986	3	12.63	11.39	16.79	11	0	a							30	
WAT_212-8011G	806105259851	3	12.68	11.43	16.85	11	0	a							30	
WAT_212-5420S	806105387271	3	9.95	8.99	13.14	11	0	a							30	
WAT_311-1450	806105229311	3	39.89	35.73	53.78	11	0	a							30	
WAT_310-3660	806105202383	3	26.84	24.08	36.07	11	0	a							30	
WAT_400-8317	806105545244	3	13.82	12.45	18.4	11	0	a							30	
WAT_120-0130 - FT	806105334244	3	2.44	2.29	2.96	11	0	a							30	
WAT_550-0221	806105255273	3	122.28	109.29	165.6	11	0	a							30	
WAT_224-1007B	806105196453	3	4.95	4.53	6.36	11	0	a							30	
WAT_540-6480WW	806105098856	3	None	None	None	11	0	a							30	
WAT_212-8000B	806105319685	3	13.45	12.11	17.89	11	0	a							30	
WAT_212-1527	806105192172	3	3.34	3.09	4.17	11	0	a							30	
WAT_400-9190P	806105077981	3	6.67	6.06	8.7	11	0	a							30	
WAT_400-1420EB	806105080615	3	4.36	4.0	5.56	11	0	a							30	
WAT_672-4350	806105119919	3	2.33	2.19	2.8	11	0	a							30	
WAT_600-7200CPVC	806105102904	3	40.9	36.63	55.15	11	0	a							30	
WAT_640-2667	806105109194	3	39.28	35.17	52.95	11	0	a							30	
WAT_212-7637	806105033628	3	8.18	7.41	10.75	11	0	a							30	
WAT_212-7630	806105033543	3	8.18	7.41	10.75	11	0	a							30	
WAT_417-4090	806105085412	3	1.73	1.65	1.99	11	0	a							30	
WAT_519-9500	806105097507	3	11.88	10.71	15.76	11	0	a							30	
WAT_519-9507	806105097514	3	11.25	10.15	14.91	11	0	a							30	
WAT_212-8127	806105035783	3	8.2	7.42	10.77	11	0	a							30	
WAT_212-8120	806105035738	3	8.2	7.42	10.77	11	0	a							30	
WAT_519-6711	806105096937	3	8.28	7.5	10.88	11	0	a							30	
WAT_519-6710	806105096906	3	7.02	6.38	9.17	11	0	a							30	
WAT_645-4790V	806105545381	3	51.46	46.05	69.48	11	0	a							30	
WAT_820-0016	806105137036	3	2.32	2.17	2.79	11	0	a							30	
WAT_540-5307	806105226167	3	112.24	100.32	151.97	11	0	a							30	
WAT_3410030-1E77	806105066497	3	193.92	173.25	262.82	11	0	a							30	
WAT_400-3090	806105081162	3	5.49	5.01	7.1	11	0	a							30	
WAT_540-5300	806105222466	3	99.9	89.3	135.22	11	0	a							30	
WAT_411-4040	806105198273	3	3.09	2.86	3.83	11	0	a							30	
WAT_210-6081-BLK	806105195692	3	8.76	7.92	11.53	11	0	a							30	
WAT_400-6010B	806105227607	3	5.58	5.09	7.21	11	0	a							30	
WAT_218-1449-BEI	806105200099	3	2.48	2.33	3.01	11	0	a							30	
WAT_640-1377V	806105416841	3	105.01	93.86	142.15	11	0	a							30	
WAT_640-6927	806105112088	3	13.35	12.03	17.76	11	0	a							30	
WAT_640-6920	806105112064	3	13.35	12.03	17.76	11	0	a							30	
WAT_505-2050	806105088727	3	34.66	31.05	46.68	11	0	a							30	
WAT_120-0110	806105334220	3	1.56	1.5	1.76	11	0	a							30	
WAT_505-0221	806105186522	3	279.94	250.05	379.56	11	0	a							30	
WAT_640-8501 V	806105483454	3	18.71	16.81	25.04	11	0	a							30	
WAT_642-4797 V	806105452733	3	25.98	23.3	34.9	11	0	a							30	
WAT_FSS022915-6S	806105242433	3	521.7	465.91	707.67	11	0	a							30	
WAT_310-2200	806105276148	3	14.47	13.02	19.28	11	0	a							30	
WAT_500-2680	806105286673	3	13.81	12.44	18.39	11	0	a							30	
WAT_400-4030B	806105197023	3	5.86	5.34	7.59	11	0	a							30	
WAT_210-6087B	806105195708	3	6.52	5.92	8.49	11	0	a							30	
WAT_212-7967	806105035097	3	5.35	4.89	6.91	11	0	a							30	
WAT_413-4100	806105084415	3	4.92	4.5	6.32	11	0	a							30	
WAT_212-3261-DSGSG	806105294265	3	17.28	15.54	23.1	11	0	a							30	
WAT_640-3570V	806105367822	3	18.5	16.63	24.75	11	0	a							30	
WAT_640-2120V	806105396488	3	45.0	40.29	60.72	11	0	a							30	
WAT_3410413-1549	806105067968	3	191.82	171.38	259.97	11	0	a							30	
WAT_218-1960 A TOOL	806105383730	3	6.78	6.16	8.85	11	0	a							30	
WAT_224-1041G	806105265456	3	8.59	7.78	11.3	11	0	a							30	
WAT_LB112313	806105177193	3	48.03	42.99	64.82	11	0	a							30	
WAT_672-1051	806105118707	3	7.08	6.42	9.25	11	0	a							30	
WAT_400-5990	806105082145	3	5.27	4.81	6.79	11	0	a							30	
WAT_212-1570G	806105198044	3	4.09	3.76	5.2	11	0	a							30	
WAT_310-7430	806105232182	3	26.84	24.08	36.07	11	0	a							30	
WAT_400-9199-DKG	806105078070	3	6.43	5.85	8.37	11	0	a							30	
WAT_711-9510	806105125088	3	7.2	6.54	9.42	11	0	a							30	
WAT_224-1007G	806105265494	3	5.55	5.06	7.18	11	0	a							30	
WAT_120-0140 - FT	806105334251	3	2.64	2.46	3.22	11	0	a							30	
WAT_540-6411	806105098528	3	58.34	52.2	78.82	11	0	a							30	
WAT_215-1071	806105042187	3	3.09	2.86	3.83	11	0	a							30	
WAT_215-1077	806105042194	3	3.09	2.86	3.83	11	0	a							30	
WAT_411-5080	806105083531	3	3.32	3.07	4.15	11	0	a							30	
WAT_319-3010B	806105315502	3	15.85	14.26	21.16	11	0	a							30	
WAT_640-3580V	806105197962	3	14.59	13.14	19.45	11	0	a							30	
WAT_415-4211	806105201171	3	5.65	5.15	7.31	11	0	a							30	
WAT_813-4370	806105135001	3	2.41	2.26	2.92	11	0	a							30	
WAT_400-9189-DKG	806105077967	3	3.76	3.46	4.74	11	0	a							30	
WAT_400-1410EB	806105080059	3	3.16	2.92	3.93	11	0	a							30	
WAT_400-1419E-DKB	806105080530	3	2.82	2.63	3.47	11	0	a							30	
WAT_640-3780	806105392008	3	24.86	22.3	33.38	11	0	a							30	
WAT_3712021	806105076397	3	303.02	270.66	410.89	11	0	a							30	
WAT_3410314-1544	806105067111	3	None	None	None	11	0	a							30	
WAT_210-5750	806105020611	3	6.19	5.64	8.05	11	0	a							30	
WAT_224-1021	806105060662	3	7.08	6.42	9.25	11	0	a							30	
WAT_224-1020	806105060648	3	7.08	6.42	9.25	11	0	a							30	
WAT_519-1181	806105093745	3	20.45	18.36	27.39	11	0	a							30	
WAT_520-5020N	806105338297	3	328.01	292.98	444.8	11	0	a							30	
WAT_660-3100	806105115294	3	15.6	14.04	20.82	11	0	a							30	
WAT_PH1075-6	806105179944	3	190.1	169.84	257.63	11	0	a							30	
WAT_519-4020	806105095176	3	1.59	1.52	1.8	11	0	a							30	
WAT_212-3330	806105030207	3	7.4	6.71	9.68	11	0	a							30	
WAT_120-0150 - FT	806105334268	3	3.94	3.63	4.99	11	0	a							30	
WAT_519-7431	806105268327	3	6.01	5.47	7.8	11	0	a							30	
WAT_800-0150	806105211613	3	6.56	5.96	8.54	11	0	a							30	
WAT_400-9157B	806105082442	3	5.56	5.07	7.19	11	0	a							30	
WAT_215-9159-BEI	806105045683	3	3.16	2.92	3.93	11	0	a							30	
WAT_519-4110	806105095381	3	9.88	8.93	13.05	11	0	a							30	
WAT_400-9180B	806105197221	3	4.72	4.33	6.05	11	0	a							30	
WAT_519-7441	806105268310	3	8.2	7.42	10.77	11	0	a							30	
WAT_310-3650	806105202376	3	26.84	24.08	36.07	11	0	a							30	
WAT_672-4210	806105119766	3	3.2	2.96	3.98	11	0	a							30	
WAT_805-0439	806105232939	3	3.74	3.45	4.72	11	0	a							30	
WAT_805-0435	806105185853	3	4.18	3.84	5.31	11	0	a							30	
WAT_805-0436	806105129826	3	2.43	2.27	2.94	11	0	a							30	
WAT_640-4777 V	806105452986	3	201.93	180.4	273.69	11	0	a							30	
WAT_400-9181	806105077936	3	3.76	3.46	4.74	11	0	a							30	
WAT_310-1870	806105062666	3	51.83	46.39	69.99	11	0	a							30	
WAT_212-7957B	806105325204	3	7.82	7.09	10.25	11	0	a							30	
WAT_505-1970	806105088680	3	13.77	12.4	18.33	11	0	a							30	
WAT_400-4141	806105081346	3	2.23	2.1	2.67	11	0	a							30	
WAT_400-4140	806105081339	3	2.12	2.0	2.52	11	0	a							30	
WAT_400-4147	806105081353	3	2.23	2.1	2.67	11	0	a							30	
WAT_600-7060-CPVC	806105102805	3	25.42	22.8	34.14	11	0	a							30	
WAT_550-0231	806105286802	3	220.49	196.97	298.88	11	0	a							30	
WAT_672-4690	806105120373	3	3.97	3.65	5.03	11	0	a							30	
WAT_550-7220	806105100597	3	259.31	231.64	351.57	11	0	a							30	
WAT_210-6707B	806105195821	3	15.42	13.88	20.57	11	0	a							30	
WAT_212-1510	806105220882	3	2.72	2.54	3.34	11	0	a							30	
WAT_218-1010	806105050939	3	5.44	4.96	7.02	11	0	a							30	
WAT_675-4008L	806105240248	3	19.33	17.36	25.87	11	0	a							30	
WAT_310-1900	806105062697	3	51.83	46.39	69.99	11	0	a							30	
WAT_SG3810430-1PDA	806105514950	3	339.8	303.5	460.8	11	0	a							30	
WAT_417-4060	806105085368	3	2.04	1.93	2.41	11	0	a							30	
WAT_212-7647	806105033734	3	8.18	7.41	10.75	11	0	a							30	
WAT_212-8137	806105035868	3	8.2	7.42	10.77	11	0	a							30	
WAT_813-4360B	806105134950	3	7.57	6.86	9.91	11	0	a							30	
WAT_310-2320	806105212566	3	61.49	55.01	83.1	11	0	a							30	
WAT_310-3500	806105062987	3	233.26	208.38	316.21	11	0	a							30	
WAT_310-4200	806105063342	3	14.47	13.02	19.28	11	0	a							30	
WAT_419-7251	806105232854	3	8.94	8.09	11.77	11	0	a							30	
WAT_642-4791 V	806105452726	3	25.98	23.3	34.9	11	0	a							30	
WAT_400-9171B	806105082534	3	5.56	5.07	7.19	11	0	a							30	
WAT_672-4030	806105119582	3	2.22	2.09	2.65	11	0	a							30	
WAT_505-2060	806105088734	3	34.66	31.05	46.68	11	0	a							30	
WAT_600-9500	806105103031	3	18.5	16.63	24.75	11	0	a							30	
WAT_212-7827	806105034281	3	5.35	4.89	6.91	11	0	a							30	
WAT_215-6660	806105045065	3	4.6	4.21	5.88	11	0	a							30	
WAT_212-3251-DSGSG	806105294227	3	11.71	10.56	15.54	11	0	a							30	
WAT_210-6087	806105021557	3	6.19	5.64	8.05	11	0	a							30	
WAT_600-3041-7	806105218582	3	16.15	14.53	21.56	11	0	a							30	
WAT_670-2610	806105118523	3	None	None	None	11	0	a							30	
WAT_519-6470	806105096494	3	3.14	2.91	3.91	11	0	a							30	
WAT_212-7937S	806105034823	3	9.95	8.99	13.14	11	0	a							30	
WAT_715-9860	806105126139	3	1.36	1.32	1.49	11	0	a							30	
WAT_PSP1075-6	806105269379	3	255.81	228.51	346.82	11	0	a							30	
WAT_212-7937B	806105324061	3	6.73	6.11	8.77	11	0	a							30	
WAT_520-1910	806105097880	3	371.23	331.56	503.45	11	0	a							30	
WAT_212-7917	806105034595	3	6.45	5.86	8.39	11	0	a							30	
WAT_550-4240	806105210678	3	3.16	2.92	3.93	11	0	a							30	
WAT_640-8247V	806105448996	3	37.48	33.57	50.51	11	0	a							30	
WAT_711-4410	806105033185	3	1.25	1.23	1.34	11	0	a							30	
WAT_212-8030G	806105259905	3	12.68	11.43	16.85	11	0	a							30	
WAT_212-8278S	806105218322	3	14.58	13.13	19.43	11	0	a							30	
WAT_560-D3C67L	806105101211	3	46.95	42.02	63.36	11	0	a							30	
WAT_535-2209-GPH	806105417046	3	63.9	57.16	86.37	11	0	a							30	
WAT_218-4000	806105052919	3	3.45	3.19	4.33	11	0	a							30	
WAT_630-K005	806105107145	3	19.52	17.54	26.14	11	0	a							30	
WAT_640-R4707V	806105454515	3	None	None	None	11	0	a							30	
WAT_310-7420	806105232175	3	26.84	24.08	36.07	11	0	a							30	
WAT_672-4260	806105119810	3	6.05	5.51	7.86	11	0	a							30	
WAT_224-1047G	806105265463	3	8.59	7.78	11.3	11	0	a							30	
WAT_418-4000	806105086365	3	2.19	2.06	2.62	11	0	a							30	
WAT_711-1750	806105124197	3	1.25	1.23	1.34	11	0	a							30	
WAT_212-3480B	806105273406	3	7.27	6.6	9.51	11	0	a							30	
WAT_672-2910	806105351388	3	98.61	88.15	133.47	11	0	a							30	
WAT_FC2007	806105350909	3	467.26	417.3	633.78	11	0	a							30	
WAT_215-1060	806105042163	3	3.44	3.17	4.31	11	0	a							30	
WAT_540-6510S	806105253538	3	58.79	52.6	79.43	11	0	a							30	
WAT_600-4367	806105102546	3	11.91	10.74	15.8	11	0	a							30	
WAT_229-7747G	806105494597	3	14.85	13.36	19.79	11	0	a							30	
WAT_425-1010	806105086822	3	2.09	1.98	2.48	11	0	a							30	
WAT_212-1500B	806105395276	3	3.03	2.81	3.75	11	0	a							30	
WAT_210-6107	806105021984	3	6.19	5.64	8.05	11	0	a							30	
WAT_642-2419-DKG V	806105453419	3	12.87	11.6	17.11	11	0	a							30	
WAT_212-1500S	806105220899	3	5.3	4.84	6.83	11	0	a							30	
WAT_425-4000	806105086921	3	5.55	5.06	7.18	11	0	a							30	
WAT_224-1040G	806105265449	3	8.59	7.78	11.3	11	0	a							30	
WAT_400-1300	806105079817	3	12.79	11.53	17.0	11	0	a							30	
WAT_212-7000	806105032911	3	47.09	42.15	63.55	11	0	a							30	
WAT_215-9159-DKG	806105045690	3	3.16	2.92	3.93	11	0	a							30	
WAT_519-3240	806105095015	3	5.38	4.91	6.95	11	0	a							30	
WAT_310-1160SD	806105061782	3	51.83	46.39	69.99	11	0	a							30	
WAT_520-2760	806105097934	3	245.13	218.97	332.32	11	0	a							30	
WAT_640-2420V	806105365989	3	30.69	27.51	41.3	11	0	a							30	
WAT_550-9650	806105212467	3	10.42	9.41	13.79	11	0	a							30	
WAT_550-9657	806105212450	3	10.42	9.41	13.79	11	0	a							30	
WAT_229-3271S	806105462824	3	14.16	12.75	18.86	11	0	a							30	
WAT_BSPH2100-6	806105434562	3	296.64	264.96	402.22	11	0	a							30	
WAT_640-3000	806105109545	3	4.6	4.21	5.88	11	0	a							30	
WAT_212-3281-DSGSG	806105294340	3	17.28	15.54	23.1	11	0	a							30	
WAT_210-5980	806105021151	3	6.19	5.64	8.05	11	0	a							30	
WAT_217-7300	806105050243	3	3.41	3.15	4.27	11	0	a							30	
WAT_805-0112	806105129345	3	1.24	1.21	1.32	11	0	a							30	
WAT_805-0111	806105129321	3	1.24	1.21	1.32	11	0	a							30	
WAT_805-0110	806105129314	3	3.49	3.23	4.38	11	0	a							30	
WAT_805-0114	806105129376	3	1.24	1.21	1.32	11	0	a							30	
WAT_210-6507	806105022752	3	6.19	5.64	8.05	11	0	a							30	
WAT_640-3581V	806105367228	3	20.07	18.02	26.88	11	0	a							30	
WAT_210-6500	806105022738	3	6.19	5.64	8.05	11	0	a							30	
WAT_210-6501	806105022745	3	6.19	5.64	8.05	11	0	a							30	
WAT_212-6610	806105032539	3	12.66	11.41	16.83	11	0	a							30	
WAT_212-6611	806105032553	3	12.66	11.41	16.83	11	0	a							30	
WAT_212-8810	806105036025	3	2.78	2.59	3.41	11	0	a							30	
WAT_600-2209-DKG	806105229519	3	19.09	17.15	25.55	11	0	a							30	
WAT_210-6180	806105022134	3	6.19	5.64	8.05	11	0	a							30	
WAT_400-9061B	806105231864	3	8.14	7.38	10.69	11	0	a							30	
WAT_212-6617	806105364371	3	12.66	11.41	16.83	11	0	a							30	
WAT_315-1220	806105064868	3	19.44	17.46	26.02	11	0	a							30	
WAT_212-8257G	806105260017	3	11.04	9.96	14.62	11	0	a							30	
SUP_SG4005677-2B	806105492333	3	24.51	21.99	32.9	11	0	a							30	
WAT_672-4200	806105119759	3	3.2	2.96	3.98	11	0	a							30	
WAT_400-9170B	806105082503	3	5.38	4.91	6.95	11	0	a							30	
WAT_310-1860	806105062659	3	51.83	46.39	69.99	11	0	a							30	
WAT_642-4790 V	806105452719	3	25.98	23.3	34.9	11	0	a							30	
WAT_880-2000	806105415899	3	10.1	9.13	13.35	11	0	a							30	
WAT_827-0002	806105137388	3	7.75	7.03	10.16	11	0	a							30	
WAT_212-1507	806105192158	3	2.72	2.54	3.34	11	0	a							30	
WAT_212-1501	806105192141	3	2.72	2.54	3.34	11	0	a							30	
WAT_219-1087	806105058300	3	1.53	1.48	1.72	11	0	a							30	
WAT_542-6200	806105099358	3	14.08	12.68	18.75	11	0	a							30	
WAT_FCS1501527-3BD	806105363497	3	721.87	644.64	979.33	11	0	a							30	
WAT_SVL56S-225	806105214102	3	672.99	600.99	912.98	11	0	a							30	
WAT_411-9131B	806105448149	3	3.35	3.1	4.19	11	0	a							30	
WAT_212-8120S	806105221483	3	12.94	11.66	17.21	11	0	a							30	
WAT_510-1507	806105089434	3	38.63	34.6	52.07	11	0	a							30	
WAT_PH1100-6	806105180001	3	199.53	178.26	270.44	11	0	a							30	
WAT_510-1501	806105089410	3	38.63	34.6	52.07	11	0	a							30	
WAT_542-9600	806105222565	3	11.02	9.95	14.6	11	0	a							30	
WAT_519-6450	806105096067	3	11.44	10.32	15.17	11	0	a							30	
WAT_212-8031G	806105259912	3	12.68	11.43	16.85	11	0	a							30	
WAT_3421020-1U	806105372420	3	285.89	255.36	387.63	11	0	a							30	
WAT_419-7241	806105201393	3	7.05	6.4	9.21	11	0	a							30	
WAT_310-4210	806105063366	3	14.47	13.02	19.28	11	0	a							30	
WAT_210-6071DKG	806105021366	3	20.11	18.06	26.94	11	0	a							30	
WAT_511-7221	806105092229	3	34.66	31.05	46.68	11	0	a							30	
WAT_640-1371V	806105416834	3	209.01	186.73	283.3	11	0	a							30	
WAT_210-3830B	806105224514	3	10.23	9.24	13.52	11	0	a							30	
WAT_715-6011	806105125729	3	9.61	8.69	12.69	11	0	a							30	
WAT_PCCF-200	806105242389	3	529.05	472.48	717.64	11	0	a							30	
WAT_400-4420	806105081605	3	6.46	5.88	8.41	11	0	a							30	
WAT_640-2139-DKGV	806105401519	3	None	None	None	11	0	a							30	
WAT_212-7837	806105034328	3	6.45	5.86	8.39	11	0	a							30	
WAT_CHAMPE-110	806105237859	3	521.65	465.86	707.59	11	0	a							30	
WAT_670-2600	806105118486	3	3.58	3.3	4.5	11	0	a							30	
WAT_310-7460	806105232779	3	32.49	29.11	43.73	11	0	a							30	
WAT_519-6460	806105096128	3	2.12	2.0	2.52	11	0	a							30	
WAT_519-6467	806105096319	3	2.12	2.0	2.52	11	0	a							30	
WAT_640-4727V	806105367662	3	69.22	61.91	93.59	11	0	a							30	
WAT_520-4010BD	806105363183	3	389.32	347.71	528.0	11	0	a							30	
WAT_519-3030	806105094452	3	3.93	3.61	4.97	11	0	a							30	
WAT_640-1331 V	806105482105	3	178.51	159.49	241.9	11	0	a							30	
WAT_310-7520	806105394804	3	26.84	24.08	36.07	11	0	a							30	
WAT_600-2209-LTB	806105237057	3	34.31	30.74	46.2	11	0	a							30	
WAT_540-8610	806105325570	3	69.74	62.38	94.29	11	0	a							30	
WAT_210-4110	806105018779	3	7.87	7.14	10.33	11	0	a							30	
WAT_215-1050	806105042125	3	3.44	3.17	4.31	11	0	a							30	
WAT_215-1051	806105042132	3	3.44	3.17	4.31	11	0	a							30	
WAT_311-2140	806105064035	3	15.83	14.24	21.12	11	0	a							30	
WAT_540-8430	806105099181	3	78.81	70.47	106.6	11	0	a							30	
WAT_540-6610-9B	806105098948	3	69.63	62.28	94.14	11	0	a							30	
WAT_3410830-10	806105069504	3	245.38	219.2	332.66	11	0	a							30	
WAT_520-4070LT	806105360427	3	175.24	156.57	237.47	11	0	a							30	
WAT_3410830-15	806105069696	3	212.81	190.11	288.45	11	0	a							30	
WAT_425-5037	806105087010	3	3.7	3.41	4.67	11	0	a							30	
WAT_540-6611	806105098962	3	78.14	69.88	105.69	11	0	a							30	
WAT_425-5031	806105087003	3	3.7	3.41	4.67	11	0	a							30	
WAT_540-6617	806105098979	3	78.14	69.88	105.69	11	0	a							30	
WAT_210-6091DKG	806105021700	3	20.11	18.06	26.94	11	0	a							30	
WAT_417-5040B	806105229373	3	2.54	2.38	3.09	11	0	a							30	
WAT_224-1007	806105060563	3	4.64	4.25	5.94	11	0	a							30	
WAT_224-1001	806105060525	3	4.64	4.25	5.94	11	0	a							30	
WAT_224-1000	806105060501	3	4.64	4.25	5.94	11	0	a							30	
WAT_210-6071-DKG	806105021366	3	13.92	12.54	18.54	11	0	a							30	
WAT_540-6500	806105098924	3	7.41	6.72	9.7	11	0	a							30	
WAT_519-3250	806105095022	3	2.01	1.9	2.37	11	0	a							30	
WAT_550-4230	806105210524	3	41.04	36.75	55.34	11	0	a							30	
WAT_BS5225340-6S	806105435019	3	575.34	513.8	780.46	11	0	a							30	
WAT_SMF-115-1	806105551375	3	372.29	332.51	504.9	11	0	a							30	
WAT_672-4640	806105120311	3	6.32	5.75	8.22	11	0	a							30	
WAT_229-8057	806105451804	3	6.73	6.11	8.77	11	0	a							30	
WAT_215-9899-DKG	806105046833	3	4.3	3.95	5.48	11	0	a							30	
WAT_520-5160N	806105199331	3	279.66	249.8	379.18	11	0	a							30	
WAT_229-8051	806105451798	3	6.73	6.11	8.77	11	0	a							30	
WAT_715-1917	806105125484	3	5.07	4.64	6.53	11	0	a							30	
WAT_715-1910	806105125460	3	7.52	6.83	9.85	11	0	a							30	
WAT_540-6497WW	806105098900	3	22.56	20.25	30.26	11	0	a							30	
WAT_419-1000	806105086426	3	1.78	1.7	2.06	11	0	a							30	
WAT_212-3310	806105030191	3	3.45	3.19	4.33	11	0	a							30	
WAT_640-8270 V	806105463982	3	54.1	48.41	73.07	11	0	a							30	
WAT_600-1207	806105230393	3	19.83	17.81	26.55	11	0	a							30	
WAT_519-4351	806105203243	3	10.21	9.22	13.5	11	0	a							30	
WAT_550-4300	806105210845	3	41.04	36.75	55.34	11	0	a							30	
WAT_PH2200-6R	806105180599	3	303.86	271.41	412.03	11	0	a							30	
WAT_805-0254	806105129703	3	4.26	3.91	5.43	11	0	a							30	
WAT_212-8121G	806105259882	3	12.68	11.43	16.85	11	0	a							30	
WAT_805-0256	806105129710	3	3.09	2.86	3.83	11	0	a							30	
WAT_212-8121B	806105510532	3	13.96	12.57	18.59	11	0	a							30	
WAT_210-6041	806105021175	3	6.19	5.64	8.05	11	0	a							30	
WAT_210-6040	806105021168	3	6.19	5.64	8.05	11	0	a							30	
WAT_BS5205140-6S	806105435040	3	487.82	435.66	661.69	11	0	a							30	
WAT_640-7310	806105427540	3	119.92	107.17	162.39	11	0	a							30	
WAT_229-8120	806105442598	3	8.21	7.44	10.79	11	0	a							30	
WAT_229-8121	806105480965	3	8.21	7.44	10.79	11	0	a							30	
WAT_229-8127	806105443939	3	8.21	7.44	10.79	11	0	a							30	
WAT_540-6477WW	806105098818	3	11.44	10.32	15.17	11	0	a							30	
WAT_210-6197	806105022219	3	20.11	18.06	26.94	11	0	a							30	
WAT_640-4771 V	806105452979	3	201.93	180.4	273.69	11	0	a							30	
WAT_660-3560	806105115829	3	17.56	15.79	23.48	11	0	a							30	
WAT_400-1990B	806105222282	3	3.04	2.83	3.77	11	0	a							30	
WAT_ECONOHA-210	806105445957	3	812.92	725.93	1102.89	11	0	a							30	
WAT_212-3340B	806105221537	3	7.71	6.99	10.1	11	0	a							30	
WAT_805-0383	806105129819	3	6.45	5.86	8.39	11	0	a							30	
WAT_315-2500	806105064950	3	20.74	18.63	27.79	11	0	a							30	
WAT_650-3000	806105114501	3	9.69	8.76	12.8	11	0	a							30	
WAT_670-2331	806105118301	3	4.04	3.71	5.12	11	0	a							30	
WAT_640-1909-BEI V	806105453365	3	18.79	16.89	25.15	11	0	a							30	
WAT_520-5327-3BD	806105363527	3	538.88	481.25	730.98	11	0	a							30	
WAT_212-0590	806105028716	3	3.02	2.8	3.74	11	0	a							30	
WAT_519-2680	806105094308	3	10.35	9.35	13.69	11	0	a							30	
WAT_212-8120G	806105259875	3	12.68	11.43	16.85	11	0	a							30	
WAT_550-0211	806105255549	3	102.07	91.24	138.16	11	0	a							30	
WAT_880-2010	806105415905	3	10.1	9.13	13.35	11	0	a							30	
WAT_210-7800	806105025524	3	16.36	14.71	21.84	11	0	a							30	
WAT_212-1517	806105192202	3	2.72	2.54	3.34	11	0	a							30	
WAT_210-6091-BEI	806105200839	3	13.92	12.54	18.54	11	0	a							30	
WAT_215-9150	806105045614	3	2.96	2.75	3.66	11	0	a							30	
WAT_310-4190	806105063328	3	14.47	13.02	19.28	11	0	a							30	
WAT_120-0110 - FT	806105334220	3	2.23	2.1	2.67	11	0	a							30	
WAT_3420410-15	806105071231	3	199.94	178.63	270.99	11	0	a							30	
WAT_3420410-10	806105071088	3	230.52	205.93	312.49	11	0	a							30	
WAT_3420410-13	806105071200	3	230.52	205.93	312.49	11	0	a							30	
WAT_400-9160B	806105082473	3	7.19	6.53	9.4	11	0	a							30	
WAT_310-1920	806105062734	3	51.83	46.39	69.99	11	0	a							30	
WAT_542-9610	806105222831	3	7.08	6.42	9.25	11	0	a							30	
WAT_310-1320	806105062000	3	47.61	42.61	64.25	11	0	a							30	
WAT_640-2520	806105108975	3	23.04	20.68	30.91	11	0	a							30	
WAT_211-3050	806105027078	3	7.66	6.95	10.04	11	0	a							30	
WAT_419-1000B	806105215178	3	2.08	1.96	2.46	11	0	a							30	
WAT_880-2520	806105415943	3	15.07	13.56	20.1	11	0	a							30	
WAT_3420410-1G	806105403100	3	259.86	232.13	352.31	11	0	a							30	
WAT_310-1140B	806105196552	3	42.02	37.63	56.67	11	0	a							30	
WAT_3420410-1A	806105071323	3	230.52	205.93	312.49	11	0	a							30	
WAT_310-4220	806105063380	3	14.47	13.02	19.28	11	0	a							30	
WAT_540-6471WW	806105098795	3	11.44	10.32	15.17	11	0	a							30	
WAT_3810430-1PDA	806105506252	3	257.07	229.64	348.53	11	0	a							30	
WAT_210-3830	806105018731	3	9.93	8.97	13.12	11	0	a							30	
WAT_535-2209-CHC	806105429278	3	63.9	57.16	86.37	11	0	a							30	
WAT_212-8020	806105035332	3	9.29	8.4	12.25	11	0	a							30	
WAT_212-8027	806105035363	3	9.29	8.4	12.25	11	0	a							30	
WAT_212-7800	806105003413	3	7.54	6.84	9.87	11	0	a							30	
WAT_212-7807	806105034182	3	7.54	6.84	9.87	11	0	a							30	
WAT_519-6457	806105096098	3	11.44	10.32	15.17	11	0	a							30	
WAT_310-7440	806105232199	3	26.84	24.08	36.07	11	0	a							30	
WAT_CHAMPE-107	806105237842	3	484.11	432.35	656.65	11	0	a							30	
WAT_212-7937	806105034809	3	6.45	5.86	8.39	11	0	a							30	
WAT_212-7931	806105034786	3	6.45	5.86	8.39	11	0	a							30	
WAT_540-6410-9SB	806105206558	3	54.96	49.17	74.23	11	0	a							30	
WAT_805-0237V	806105129642	3	4.16	3.82	5.29	11	0	a							30	
WAT_224-0060	806105060365	3	7.73	7.01	10.14	11	0	a							30	
WAT_229-8010	806105477408	3	8.21	7.44	10.79	11	0	a							30	
WAT_210-5500	806105020512	3	6.25	5.69	8.13	11	0	a							30	
WAT_519-3000	806105094421	3	8.59	7.78	11.3	11	0	a							30	
WAT_WV001H	806105211446	3	12.63	11.39	16.79	11	0	a							30	
WAT_PH2150-6R	806105180520	3	281.9	251.8	382.22	11	0	a							30	
WAT_640-1370V	806105405692	3	117.91	105.39	159.67	11	0	a							30	
WAT_210-4740	806105019530	3	17.88	16.08	23.91	11	0	a							30	
WAT_210-4741	806105019547	3	25.57	22.94	34.34	11	0	a							30	
WAT_210-6060B	806105195623	3	14.23	12.81	18.95	11	0	a							30	
WAT_640-3257V	806105379405	3	14.13	12.73	18.82	11	0	a							30	
WAT_3312620-1470	806105066206	3	134.14	119.88	181.69	11	0	a							30	
WAT_540-6469WW-D	806105098764	3	19.52	17.54	26.14	11	0	a							30	
WAT_540-6469WW-B	806105098757	3	19.52	17.54	26.14	11	0	a							30	
WAT_3420610-2014	806105072092	3	300.71	268.6	407.75	11	0	a							30	
WAT_418-7000	806105086396	3	2.83	2.64	3.49	11	0	a							30	
WAT_215-9860	806105046543	3	2.02	1.91	2.39	11	0	a							30	
WAT_400-2000	806105080950	3	4.25	3.9	5.41	11	0	a							30	
WAT_400-1419B-DK	806105080349	3	2.82	2.63	3.47	11	0	a							30	
WAT_210-3420G	806105456779	3	115.58	103.3	156.5	11	0	a							30	
WAT_3410030-1E	806105066459	3	142.62	127.45	193.2	11	0	a							30	
WAT_PCCF-175	806105248749	3	415.64	371.21	563.72	11	0	a							30	
WAT_3410610-15	806105068378	3	185.94	166.13	251.99	11	0	a							30	
WAT_425-1030	806105086846	3	2.74	2.55	3.36	11	0	a							30	
WAT_542-6200B	806105197689	3	14.38	12.95	19.16	11	0	a							30	
WAT_3410610-1A	806105068422	3	214.42	191.55	290.64	11	0	a							30	
WAT_741-CGGZ-37L	806105128218	3	14.12	12.71	18.8	11	0	a							30	
WAT_600-7070-CPVC	806105102829	3	20.87	18.74	27.96	11	0	a							30	
WAT_400-5491B	806105081902	3	2.55	2.39	3.11	11	0	a							30	
WAT_210-5860B	806105020888	3	6.52	5.92	8.49	11	0	a							30	
WAT_550-4200	806105210715	3	44.43	39.77	59.94	11	0	a							30	
WAT_310-1440	806105364388	3	51.83	46.39	69.99	11	0	a							30	
WAT_540-8557	806105099297	3	223.14	199.34	302.47	11	0	a							30	
WAT_229-8040	806105442246	3	6.73	6.11	8.77	11	0	a							30	
WAT_229-8047	806105457530	3	6.73	6.11	8.77	11	0	a							30	
WAT_411-9140	806105083890	3	3.18	2.95	3.96	11	0	a							30	
WAT_212-6430G	806105187963	3	21.54	19.34	28.87	11	0	a							30	
WAT_519-5219B	806105465061	3	34.22	30.66	46.09	11	0	a							30	
WAT_212-3300	806105030184	3	7.97	7.23	10.46	11	0	a							30	
WAT_210-3710	806105259585	3	9.93	8.97	13.12	11	0	a							30	
WAT_210-3711	806105265531	3	9.93	8.97	13.12	11	0	a							30	
WAT_417-5050B	806105215154	3	2.29	2.15	2.75	11	0	a							30	
WAT_210-3717	806105265609	3	9.93	8.97	13.12	11	0	a							30	
WAT_805-0136	806105129468	3	1.21	1.19	1.29	11	0	a							30	
WAT_218-4000B	806105330185	3	3.72	3.42	4.69	11	0	a							30	
WAT_400-1411DB	806105080134	3	3.37	3.11	4.21	11	0	a							30	
WAT_210-6070	806105021298	3	13.92	12.54	18.54	11	0	a							30	
WAT_210-6077	806105021403	3	13.92	12.54	18.54	11	0	a							30	
WAT_210-6701-BLK	806105023360	3	21.9	19.66	29.37	11	0	a							30	
WAT_SG5205037-3S	806105433176	3	574.78	513.3	779.7	11	0	a							30	
WAT_532-2017B	806105098269	3	32.05	28.73	43.14	11	0	a							30	
WAT_212-8057G	806105259837	3	7.1	6.45	9.28	11	0	a							30	
WAT_415-4021	806105084842	3	1.83	1.74	2.12	11	0	a							30	
WAT_660-3577	806105115942	3	9.26	8.38	12.21	11	0	a							30	
WAT_660-3570	806105115911	3	9.26	8.38	12.21	11	0	a							30	
WAT_222-0030	806105059062	3	5.24	4.79	6.76	11	0	a							30	
WAT_310-1141B	806105196576	3	42.02	37.63	56.67	11	0	a							30	
WAT_310-1840	806105364425	3	51.83	46.39	69.99	11	0	a							30	
WAT_411-9120B	806105198334	3	2.5	2.34	3.03	11	0	a							30	
WAT_FCS10013-6S	806105373342	3	520.75	465.06	706.38	11	0	a							30	
WAT_880-2020	806105415912	3	10.1	9.13	13.35	11	0	a							30	
WAT_540-5737	806105229915	3	115.73	103.44	156.71	11	0	a							30	
WAT_535-2209-CIN	806105417022	3	63.9	57.16	86.37	11	0	a							30	
WAT_550-4590	806105468765	3	9.01	8.15	11.87	11	0	a							30	
WAT_640-4770 V	806105452962	3	201.93	180.4	273.69	11	0	a							30	
WAT_210-7810	806105025531	3	16.36	14.71	21.84	11	0	a							30	
WAT_210-6707	806105023407	3	15.11	13.6	20.15	11	0	a							30	
WAT_210-6700	806105023346	3	15.11	13.6	20.15	11	0	a							30	
WAT_210-6701	806105195814	3	15.11	13.6	20.15	11	0	a							30	
WAT_310-4180	806105063304	3	14.47	13.02	19.28	11	0	a							30	
WAT_310-1930	806105062741	3	51.83	46.39	69.99	11	0	a							30	
WAT_830-3000	806105245182	3	11.02	9.95	14.6	11	0	a							30	
WAT_SVL56S-115	806105183378	3	458.1	409.13	621.35	11	0	a							30	
WAT_400-9297	806105078308	3	3.53	3.26	4.44	11	0	a							30	
WAT_400-9290	806105078278	3	3.53	3.26	4.44	11	0	a							30	
WAT_400-9291	806105078285	3	3.53	3.26	4.44	11	0	a							30	
WAT_SVL56S-110	806105183361	3	433.31	386.99	587.7	11	0	a							30	
WAT_640-2550	806105109064	3	32.47	29.1	43.71	11	0	a							30	
WAT_212-8167	806105035950	3	7.1	6.45	9.28	11	0	a							30	
WAT_211-3040	806105027061	3	7.36	6.67	9.63	11	0	a							30	
WAT_212-8037G	806105259929	3	12.68	11.43	16.85	11	0	a							30	
WAT_411-4000	806105083302	3	2.81	2.61	3.45	11	0	a							30	
WAT_125-0110	806105374400	3	1.95	1.85	2.29	11	0	a							30	
WAT_125-0111	806105374417	3	1.95	1.85	2.29	11	0	a							30	
WAT_212-0410	806105028440	3	4.7	4.3	6.02	11	0	a							30	
WAT_210-3840	806105259578	3	9.93	8.97	13.12	11	0	a							30	
WAT_210-3841	806105265395	3	9.93	8.97	13.12	11	0	a							30	
WAT_805-0145B	806105225108	3	1.55	1.49	1.74	11	0	a							30	
WAT_218-1440	806105051707	3	2.22	2.09	2.65	11	0	a							30	
WAT_218-1441	806105051721	3	2.48	2.33	3.01	11	0	a							30	
WAT_218-1447	806105051745	3	2.48	2.33	3.01	11	0	a							30	
WAT_310-2970	806105406842	3	55.14	49.34	74.47	11	0	a							30	
WAT_400-9120	806105082336	3	4.25	3.9	5.41	11	0	a							30	
WAT_310-1150SDB	806105196699	3	52.14	46.66	70.41	11	0	a							30	
WAT_3420610-0Z	806105359445	3	251.63	224.78	341.14	11	0	a							30	
WAT_229-9607	806105489005	3	12.68	11.43	16.85	11	0	a							30	
WAT_SGPH1150-3R	806105433022	3	263.99	235.81	357.91	11	0	a							30	
WAT_310-1130B	806105196538	3	41.96	37.58	56.59	11	0	a							30	
WAT_212-7921	806105034649	3	5.35	4.89	6.91	11	0	a							30	
WAT_212-7920	806105034618	3	5.35	4.89	6.91	11	0	a							30	
WAT_212-7927	806105034670	3	5.35	4.89	6.91	11	0	a							30	
WAT_212-8129G-DKG	806105272591	3	12.68	11.43	16.85	11	0	a							30	
WAT_400-2160	806105378170	3	5.48	5.0	7.08	11	0	a							30	
WAT_519-3010	806105094438	3	8.28	7.5	10.88	11	0	a							30	
WAT_540-6470WW	806105098788	3	10.42	9.41	13.79	11	0	a							30	
WAT_672-5060	806105120762	3	3.31	3.06	4.13	11	0	a							30	
WAT_212-7810	806105034229	3	15.7	14.13	20.95	11	0	a							30	
WAT_215-1077B	806105196194	3	3.38	3.13	4.23	11	0	a							30	
WAT_215-9177B	806105045881	3	3.44	3.17	4.31	11	0	a							30	
WAT_640-8800 V	806105483003	3	23.29	20.9	31.25	11	0	a							30	
WAT_210-6100-WHT	806105021939	3	10.1	9.13	13.35	11	0	a							30	
WAT_415-5001	806105084910	3	2.51	2.35	3.05	11	0	a							30	
WAT_310-6500	806105063687	3	41.88	37.5	56.48	11	0	a							30	
WAT_630-0008	806105206190	3	5.63	5.14	7.29	11	0	a							30	
WAT_640-1360V	806105405685	3	165.51	147.89	224.27	11	0	a							30	
WAT_640-3587	806105110527	3	20.45	18.36	27.39	11	0	a							30	
WAT_215-1090	806105258878	3	3.09	2.86	3.83	11	0	a							30	
WAT_215-1091	806105264831	3	3.09	2.86	3.83	11	0	a							30	
WAT_715-1201B	806105221612	3	2.36	2.21	2.84	11	0	a							30	
WAT_215-1097	806105264848	3	3.09	2.86	3.83	11	0	a							30	
WAT_319-1430B	806105344861	3	7.8	7.08	10.23	11	0	a							30	
WAT_500-1070	806105087706	3	21.59	19.39	28.95	11	0	a							30	
WAT_3312620-19	806105066282	3	133.02	118.88	180.17	11	0	a							30	
WAT_310-7510	806105394798	3	26.84	24.08	36.07	11	0	a							30	
WAT_540-6709-BEI	806105099136	3	15.56	14.0	20.76	11	0	a							30	
WAT_3312620-14	806105066152	3	133.02	118.88	180.17	11	0	a							30	
WAT_310-7470	806105232786	3	32.49	29.11	43.73	11	0	a							30	
WAT_400-1429E-DK	806105080868	3	3.67	3.39	4.63	11	0	a							30	
WAT_310-1120	806105061492	3	49.87	44.64	67.33	11	0	a							30	
WAT_540-6709	806105099196	3	None	None	None	11	0	a							30	
WAT_640-3250V	806105379337	3	14.96	13.46	19.94	11	0	a							30	
WAT_540-6700	806105099105	3	15.56	14.0	20.76	11	0	a							30	
WAT_540-6701	806105099112	3	15.56	14.0	20.76	11	0	a							30	
WAT_212-7910	806105034564	3	6.45	5.86	8.39	11	0	a							30	
WAT_SGPH1150-6	806105433039	3	263.99	235.81	357.91	11	0	a							30	
WAT_672-7130	806105121240	3	3.8	3.5	4.8	11	0	a							30	
WAT_411-9150	806105083906	3	3.18	2.95	3.96	11	0	a							30	
WAT_SGPH1150-3	806105433015	3	263.99	235.81	357.91	11	0	a							30	
WAT_640-2137V	806105401496	3	81.54	72.91	110.31	11	0	a							30	
WAT_212-3370	806105030238	3	7.97	7.23	10.46	11	0	a							30	
WAT_711-6020	806105124906	3	1.24	1.21	1.32	11	0	a							30	
WAT_3411621-1A	806105070517	3	288.07	257.31	390.6	11	0	a							30	
WAT_310-1140SD	806105061669	3	51.83	46.39	69.99	11	0	a							30	
WAT_210-3701	806105018724	3	9.93	8.97	13.12	11	0	a							30	
WAT_210-3700	806105018717	3	9.93	8.97	13.12	11	0	a							30	
WAT_400-6000	806105082169	3	7.68	6.96	10.06	11	0	a							30	
WAT_550-9240	806105249869	3	4.47	4.1	5.71	11	0	a							30	
WAT_310-1720	806105062536	3	51.83	46.39	69.99	11	0	a							30	
WAT_645-2157V	806105365712	3	13.43	12.1	17.87	11	0	a							30	
WAT_212-3450B	806105280374	3	3.77	3.48	4.76	11	0	a							30	
WAT_210-6067	806105021274	3	13.92	12.54	18.54	11	0	a							30	
WAT_210-6060	806105021212	3	13.92	12.54	18.54	11	0	a							30	
WAT_218-6610	806105056092	3	5.12	4.67	6.59	11	0	a							30	
WAT_229-3261S	806105476111	3	14.16	12.75	18.86	11	0	a							30	
WAT_417-5060B	806105221582	3	2.29	2.15	2.75	11	0	a							30	
WAT_3410410-1A	806105067678	3	199.59	178.31	270.51	11	0	a							30	
WAT_210-5860	806105020871	3	6.19	5.64	8.05	11	0	a							30	
WAT_SG5205327-3S	806105433336	3	398.57	355.98	540.56	11	0	a							30	
WAT_310-8230A	806105540706	3	66.23	59.24	89.52	11	0	a							30	
WAT_PH2100-6P	806105208590	3	271.58	242.59	368.21	11	0	a							30	
WAT_535-2209-BRK	806105417039	3	63.9	57.16	86.37	11	0	a							30	
WAT_520-5100N	806105199324	3	206.31	184.31	279.63	11	0	a							30	
WAT_672-4250	806105119803	3	3.2	2.96	3.98	11	0	a							30	
WAT_715-2000	806105125521	3	1.5	1.45	1.68	11	0	a							30	
WAT_505-1930	806105088642	3	8.36	7.57	10.99	11	0	a							30	
WAT_540-6461WW	806105098696	3	32.56	29.17	43.83	11	0	a							30	
WAT_640-2909-BEI	806105187338	3	6.67	6.06	8.7	11	0	a							30	
WAT_3410410-15	806105067586	3	173.1	154.66	234.57	11	0	a							30	
WAT_SGPH1100-3R	806105432988	3	244.54	218.45	331.52	11	0	a							30	
WAT_210-7000	806105023926	3	61.69	55.19	83.37	11	0	a							30	
WAT_212-1227	806105029515	3	7.08	6.42	9.25	11	0	a							30	
WAT_540-6419-DKG	806105098566	3	58.34	52.2	78.82	11	0	a							30	
WAT_640-2720	806105109255	3	36.59	32.78	49.3	11	0	a							30	
WAT_212-0310	806105028358	3	4.26	3.91	5.43	11	0	a							30	
WAT_3420610-1A	806105072054	3	234.93	209.86	318.47	11	0	a							30	
WAT_630-6205	806105107121	3	19.06	17.13	25.51	11	0	a							30	
WAT_210-6711	806105023476	3	21.97	19.73	29.46	11	0	a							30	
WAT_210-6710	806105023445	3	15.11	13.6	20.15	11	0	a							30	
WAT_429-3020	806105209214	3	2.36	2.21	2.84	11	0	a							30	
WAT_212-7607B	806105222305	3	10.73	9.69	14.21	11	0	a							30	
WAT_212-7607G	806105033277	3	12.61	11.36	16.75	11	0	a							30	
WAT_319-1310	806105065261	3	11.08	10.0	14.68	11	0	a							30	
WAT_212-7607S	806105033284	3	16.26	14.63	21.71	11	0	a							30	
WAT_217-3340	806105048851	3	2.01	1.9	2.37	11	0	a							30	
WAT_400-9280	806105078261	3	3.18	2.95	3.96	11	0	a							30	
WAT_212-9177	806105036179	3	13.46	12.13	17.91	11	0	a							30	
WAT_212-8177	806105035981	3	8.2	7.42	10.77	11	0	a							30	
WAT_212-9171	806105036155	3	13.46	12.13	17.91	11	0	a							30	
WAT_PH1150-6	806105180155	3	209.14	186.84	283.47	11	0	a							30	
WAT_PSP1150-6	806105260291	3	231.5	206.8	313.82	11	0	a							30	
WAT_210-6120B	806105195777	3	14.23	12.81	18.95	11	0	a							30	
WAT_417-4090B	806105215116	3	2.04	1.93	2.41	11	0	a							30	
WAT_419-7211	806105086570	3	7.29	6.61	9.53	11	0	a							30	
WAT_210-6067B	806105195647	3	14.23	12.81	18.95	11	0	a							30	
WAT_715-9910	806105126191	3	2.06	1.95	2.44	11	0	a							30	
WAT_411-9121B	806105448118	3	2.6	2.42	3.17	11	0	a							30	
WAT_540-5309-BEI	806105224378	3	112.24	100.32	151.97	11	0	a							30	
WAT_3420610-15	806105071989	3	251.63	224.78	341.14	11	0	a							30	
WAT_3420610-13	806105071958	3	251.63	224.78	341.14	11	0	a							30	
WAT_310-0700	806105061386	3	43.31	38.77	58.42	11	0	a							30	
WAT_3420610-10	806105071828	3	251.63	224.78	341.14	11	0	a							30	
WAT_505-2020	806105088697	3	13.8	12.43	18.37	11	0	a							30	
WAT_310-2960	806105406835	3	55.14	49.34	74.47	11	0	a							30	
WAT_3420820-13	806105073525	3	266.55	238.1	361.39	11	0	a							30	
WAT_3420820-10	806105073433	3	266.55	238.1	361.39	11	0	a							30	
WAT_670-2380	806105118394	3	5.35	4.89	6.91	11	0	a							30	
WAT_3420820-15	806105073556	3	231.15	206.49	313.34	11	0	a							30	
WAT_CHAMPE-120	806105237873	3	643.11	574.31	872.43	11	0	a							30	
WAT_210-6171	806105022097	3	13.92	12.54	18.54	11	0	a							30	
WAT_215-1070B	806105196170	3	3.38	3.13	4.23	11	0	a							30	
WAT_400-1419D-BEI	806105080400	3	2.82	2.63	3.47	11	0	a							30	
WAT_600-7100-CPVC	806105102843	3	29.98	26.88	40.33	11	0	a							30	
WAT_SG5225167-3S	806105433237	3	541.48	483.57	734.51	11	0	a							30	
WAT_640-1909-DKG V	806105453440	3	18.79	16.89	25.15	11	0	a							30	
WAT_218-6610B	806105319791	3	5.4	4.93	6.97	11	0	a							30	
WAT_640-1361V	806105426574	3	165.51	147.89	224.27	11	0	a							30	
WAT_600-7160	806105102867	3	16.86	15.16	22.53	11	0	a							30	
WAT_500-5070B	806105224927	3	79.32	70.92	107.29	11	0	a							30	
WAT_675-0700	806105232724	3	18.19	16.35	24.33	11	0	a							30	
WAT_675-0707	806105235596	3	18.19	16.35	24.33	11	0	a							30	
WAT_SG5225147-3S	806105433220	3	497.8	444.58	675.23	11	0	a							30	
WAT_FC150	806105167552	3	521.67	465.89	707.63	11	0	a							30	
WAT_519-3060	806105094544	3	3.18	2.95	3.96	11	0	a							30	
WAT_212-9170	806105036148	3	13.46	12.13	17.91	11	0	a							30	
WAT_411-6520	806105083791	3	3.02	2.8	3.74	11	0	a							30	
WAT_3420820-1A	806105073600	3	266.55	238.1	361.39	11	0	a							30	
WAT_718-0201	806105245625	3	17.88	16.08	23.91	11	0	a							30	
WAT_640-1301 V	806105470843	3	173.66	155.16	235.33	11	0	a							30	
WAT_120-0120 - FT	806105334237	3	2.48	2.33	3.01	11	0	a							30	
WAT_3721221-1	806105319203	3	233.67	208.74	316.76	11	0	a							30	
WAT_FS026S	806105374080	3	455.31	406.64	617.57	11	0	a							30	
WAT_215-9847	806105046413	3	2.26	2.13	2.71	11	0	a							30	
WAT_SGPH2100-3R	806105433060	3	295.98	264.38	401.33	11	0	a							30	
WAT_642-2407 V	806105452221	3	7.83	7.1	10.27	11	0	a							30	
WAT_510-6540	806105204837	3	97.42	87.09	131.85	11	0	a							30	
WAT_510-6547	806105204592	3	97.42	87.09	131.85	11	0	a							30	
WAT_PCCF-150	806105242358	3	426.08	380.54	577.9	11	0	a							30	
WAT_520-5120-3S	806105265227	3	551.1	492.16	747.57	11	0	a							30	
WAT_642-2410 V	806105447715	3	12.87	11.6	17.11	11	0	a							30	
WAT_805-0340V	806105129765	3	9.44	8.54	12.46	11	0	a							30	
WAT_550-9239-BEI	806105241559	3	4.47	4.1	5.71	11	0	a							30	
WAT_215-1087	806105042217	3	3.31	3.06	4.13	11	0	a							30	
WAT_229-8039-DKG	806105496904	3	9.2	8.32	12.13	11	0	a							30	
WAT_865-1000	806105137869	3	2.92	2.71	3.6	11	0	a							30	
WAT_212-8017G	806105259868	3	12.68	11.43	16.85	11	0	a							30	
WAT_319-1550	806105258540	3	20.54	18.45	27.52	11	0	a							30	
WAT_212-8017B	806105319609	3	8.46	7.66	11.13	11	0	a							30	
SUP_872-6200	806105502667	3	5.14	4.7	6.62	11	0	a							30	
WAT_3420610-1549	806105072023	3	374.58	334.55	508.0	11	0	a							30	
WAT_212-8017S	806105035295	3	12.94	11.66	17.21	11	0	a							30	
WAT_540-6717	806105232236	3	10.06	9.09	13.29	11	0	a							30	
WAT_540-6710	806105232229	3	9.58	8.66	12.65	11	0	a							30	
WAT_411-9120	806105083876	3	2.37	2.23	2.86	11	0	a							30	
WAT_672-7120	806105121233	3	5.49	5.01	7.1	11	0	a							30	
WAT_425-1181	806105086877	3	4.37	4.01	5.58	11	0	a							30	
WAT_519-6579-BEI	806105096562	3	5.69	5.19	7.37	11	0	a							30	
WAT_805-0116EP	806105129390	3	1.95	1.85	2.29	11	0	a							30	
WAT_640-3280	806105110022	3	10.7	9.66	14.17	11	0	a							30	
WAT_PH2100-6	806105180438	3	296.96	265.25	402.66	11	0	a							30	
WAT_400-6010	806105082176	3	5.27	4.81	6.79	11	0	a							30	
WAT_315-1400	806105236906	3	116.33	103.97	157.52	11	0	a							30	
WAT_310-1730	806105062543	3	51.83	46.39	69.99	11	0	a							30	
WAT_540-8400	806105099143	3	144.12	128.79	195.24	11	0	a							30	
WAT_540-8407	806105099150	3	105.15	93.99	142.34	11	0	a							30	
WAT_805-0117SD	806105129406	3	2.05	1.94	2.42	11	0	a							30	
WAT_805-0261	806105129734	3	2.96	2.75	3.66	11	0	a							30	
WAT_532-2011B	806105098221	3	32.05	28.73	43.14	11	0	a							30	
WAT_212-4530	806105031013	3	19.07	17.14	25.53	11	0	a							30	
WAT_519-3230	806105095008	3	6.1	5.55	7.92	11	0	a							30	
WAT_310-5100	806105258502	3	15.55	13.99	20.74	11	0	a							30	
WAT_222-0050	806105059109	3	7.24	6.58	9.47	11	0	a							30	
WAT_400-6700	806105405067	3	9.29	8.4	12.25	11	0	a							30	
WAT_210-6127	806105022066	3	13.92	12.54	18.54	11	0	a							30	
WAT_210-6120	806105022011	3	13.92	12.54	18.54	11	0	a							30	
WAT_805-0460	806105268297	3	8.11	7.35	10.65	11	0	a							30	
WAT_212-2037S	806105191366	3	17.83	16.02	23.84	11	0	a							30	
WAT_540-5717	806105229892	3	145.34	129.88	196.89	11	0	a							30	
WAT_210-3710B	806105264893	3	10.23	9.24	13.52	11	0	a							30	
WAT_545-8460	806105201683	3	208.68	186.43	282.85	11	0	a							30	
WAT_400-9010B	806105376688	3	7.5	6.8	9.82	11	0	a							30	
WAT_229-8121-BEI	806105482969	3	8.21	7.44	10.79	11	0	a							30	
WAT_3410830-1A	806105069856	3	245.38	219.2	332.66	11	0	a							30	
WAT_212-1547	806105211286	3	2.72	2.54	3.34	11	0	a							30	
WAT_212-0890	806105264701	3	3.18	2.95	3.96	11	0	a							30	
WAT_400-1940	806105080905	3	2.74	2.55	3.36	11	0	a							30	
WAT_672-4660	806105120335	3	7.08	6.42	9.25	11	0	a							30	
WAT_210-6721	806105023537	3	13.92	12.54	18.54	11	0	a							30	
WAT_210-6727	806105023544	3	13.92	12.54	18.54	11	0	a							30	
WAT_3710821-1D	806105075802	3	267.97	239.36	363.31	11	0	a							30	
WAT_429-3030	806105209221	3	2.92	2.71	3.6	11	0	a							30	
WAT_550-9960	806105100887	3	8.76	7.92	11.53	11	0	a							30	
WAT_RWFS026	806105554857	3	294.5	263.05	399.32	11	0	a							30	
WAT_217-3350	806105048868	3	1.83	1.74	2.12	11	0	a							30	
WAT_218-5140	806105193100	3	2.81	2.61	3.45	11	0	a							30	
WAT_212-6650	806105032690	3	12.66	11.41	16.83	11	0	a							30	
WAT_211-3060	806105027085	3	7.36	6.67	9.63	11	0	a							30	
WAT_PA060	806105179319	3	74.35	66.49	100.54	11	0	a							30	
WAT_400-4060	806105081247	3	3.09	2.86	3.83	11	0	a							30	
WAT_400-4061	806105081261	3	3.09	2.86	3.83	11	0	a							30	
WAT_PSP2150-3R	806105261670	3	340.49	304.11	461.73	11	0	a							30	
WAT_519-6429-BEI	806105095985	3	10.42	9.41	13.79	11	0	a							30	
WAT_711-1920	806105124296	3	13.87	12.49	18.46	11	0	a							30	
WAT_210-6701-DKG	806105023384	3	15.11	13.6	20.15	11	0	a							30	
WAT_600-2209-BEI	806105229526	3	23.82	21.38	31.97	11	0	a							30	
WAT_505-2030	806105088703	3	8.41	7.61	11.05	11	0	a							30	
WAT_3420820-0Z	806105359452	3	303.05	270.69	410.93	11	0	a							30	
WAT_715-1001	806105125262	3	2.23	2.1	2.67	11	0	a							30	
WAT_640-8240V	806105432773	3	37.48	33.57	50.51	11	0	a							30	
WAT_711-4200	806105251824	3	2.93	2.72	3.62	11	0	a							30	
WAT_210-6711B	806105224521	3	24.23	21.74	32.52	11	0	a							30	
WAT_212-8547	806105251497	3	14.27	12.85	19.01	11	0	a							30	
WAT_400-9167B	806105248367	3	7.19	6.53	9.4	11	0	a							30	
WAT_777-WW99003	806105542441	3	None	None	None	11	0	a							30	
WAT_319-3100B	806105065520	3	10.84	9.79	14.36	11	0	a							30	
WAT_311-1210	806105063892	3	20.47	18.39	27.43	11	0	a							30	
WAT_212-8147	806105035899	3	8.2	7.42	10.77	11	0	a							30	
WAT_212-8140	806105035875	3	8.2	7.42	10.77	11	0	a							30	
